version: 1
creator: callgrind-3.5.0-Debian
pid: 16236
cmd:  ./main
part: 1


desc: I1 cache: 
desc: D1 cache: 
desc: L2 cache: 

desc: Timerange: Basic block 0 - 949168903
desc: Trigger: Program termination

positions: line
events: Ir
summary: 6116703802


ob=(3) /usr/lib/valgrind/vgpreload_core-x86-linux.so
fl=(40) ???
fn=(194) 0x000003e0
0 4
cfn=(196) 0x00000417
calls=1 0 
0 2
0 9

fn=(204) 0x00000490
0 5
cfn=(196)
calls=1 0 
0 2
0 8

fn=(196)
0 6

fn=(476) 0x00000360
0 5
cfn=(196)
calls=1 0 
0 2
0 10
cob=(4) /lib/tls/i686/cmov/libc-2.10.1.so
cfi=(91) /build/buildd/eglibc-2.10.1/stdlib/cxa_finalize.c
cfn=(490) __cxa_finalize
calls=1 31 
0 78
cob=(1) /lib/ld-2.10.1.so
cfi=(49) /build/buildd/eglibc-2.10.1/elf/../sysdeps/i386/dl-trampoline.S
cfn=(236) _dl_runtime_resolve
calls=1 29 
0 779
0 14

ob=(4)
fl=(91)
fn=(490)
31 6
cfi=(42) /build/buildd/eglibc-2.10.1/string/../sysdeps/i386/i686/memcmp.S
cfn=(214) 0x0001698f
calls=1 +21 
* 2
* 3
+4 4
+4 8
-4 5
+32 4
+4 7
-4 3
+12 2
+1 1
+2 5
-2 1
cfi=(92) /build/buildd/eglibc-2.10.1/nptl/../nptl/sysdeps/unix/sysv/linux/unregister-atfork.c
cfn=(492) __unregister_atfork
calls=1 -51 
* 27

fl=(44) /build/buildd/eglibc-2.10.1/string/../sysdeps/i386/strrchr.S
fn=(218) rindex
37 1
+3 1
+3 1
+1 1
+2 1
+7 1
+1 1
+1 1
+1 1
+13 1
+1 1
+1 1
+1 1
+1 1
+2 1
+1 1
+1 1
+2 1
+1 1
+79 1
+1 1
+1 1
+1 1
+1 1
+8 1
+1 1
+1 1
+3 1
+2 1
+1 1
+1 1
+11 1
-13 1
+1 1
+1 1
+11 1
+4 2
+3 2
+1 2
+4 2
+6 1
+2 1
+1 1
+3 1
+1 1
+1 1
+1 1
+2 1
+85 1
+1 1
+2 1
+1 1
+2 1
+1 1
+2 1
+1 1
+15 1
+3 1
+5 1

fl=(87) /build/buildd/eglibc-2.10.1/string/../sysdeps/i386/i486/strlen.S
fn=(450) strlen
34 1
+2 1
+2 1
+1 1
+30 1
+1 1
+1 1
+3 1
+1 1
+1 1
+1 1
+2 1
+2 1
+1 1
+1 1
+3 1
+33 1
+2 1
+1 1
+1 1
+2 1
+1 1
+8 1
+3 1

fl=(52) /build/buildd/eglibc-2.10.1/stdlib/cxa_atexit.c
fn=(244) __cxa_atexit
57 4
cfi=(42)
cfn=(214)
calls=1 -5 
* 2
* 2
+1 9
cfn=(246) __internal_atexit
calls=1 -24 
* 85
+1 4

fn=(248) __new_exitfn
73 1
+6 1
-6 1
+6 1
-6 5
cfi=(42)
cfn=(214)
calls=1 -21 
* 2
* 1
+6 4
+2 6
+2 3
-2 1
+10 1
-10 3
+46 2
-1 1
+4 4
+3 7
-35 3
+14 1
+1 1
-1 1
+1 2
-32 2

fn=(246)
34 4
+1 1
-1 1
cfi=(42)
cfn=(214)
calls=1 +18 
* 2
* 3
+1 2
cfn=(248)
calls=1 +38 
* 54
+2 3
+4 2
+2 1
+1 2
+1 2
+2 2
+2 6

fl=(89) /build/buildd/eglibc-2.10.1/stdlib/exit.c
fn=(458) __run_exit_handlers
37 8
cfi=(42)
cfn=(214)
calls=1 +15 
* 2
* 5
+5 3
+36 3
-32 1
+32 1
-32 1
+32 3
-32 1
+32 1
-32 1
+4 1
-1 2
+1 4
+33 2
+1 1
-1 1
+1 1
+6 2
+1 7
cfi=(58) /build/buildd/eglibc-2.10.1/libio/genops.c
cfn=(502) _IO_cleanup
calls=1 1007 
* 350
* 4
+2 2
cfi=(93) /build/buildd/eglibc-2.10.1/posix/../sysdeps/unix/sysv/linux/i386/_exit.S
cfn=(512) _Exit
calls=1 -68 
* 3
-19 3
+4 2
-2 2
+2 2
cob=(1)
cfi=(90) /build/buildd/eglibc-2.10.1/elf/dl-fini.c
cfn=(460) _dl_fini
calls=1 +43 
* 1448
* 1

fn=(456) exit
100 4
cfi=(42)
cfn=(214)
calls=1 -48 
* 2
* 8
cfn=(458)
calls=1 -63 
* 1868

fl=(45) /build/buildd/eglibc-2.10.1/elf/soinit.c
fn=(220) __libc_global_ctors
26 5
cfi=(42)
cfn=(214)
calls=1 +26 
* 2
* 1
-7 5
+1 1
cfi=(46) /build/buildd/eglibc-2.10.1/libio/oldstdfiles.c
cfn=(222) _IO_check_libio
calls=1 +58 
* 17
-1 1
+1 1
cfi=(47) /build/buildd/eglibc-2.10.1/elf/dl-altinit.c
cfn=(224) dlinit_alt
calls=1 +21 
* 17
-1 6
+10 4

fn=(500) __libc_fini
36 5
cfi=(42)
cfn=(214)
calls=1 +16 
* 2
* 1
-17 3
+20 4

fl=(75) /build/buildd/eglibc-2.10.1/misc/../sysdeps/unix/sysv/linux/i386/brk.c
fn=(350) brk
36 545
cfi=(42)
cfn=(214)
calls=109 +16 
* 218
* 109
+5 436
cob=(1)
cfi=(1) ???
cfn=(296) _dl_sysinfo_int80
calls=109 -41 
* 218
* 109
+2 218
+2 327
+7 436
-5 138
+1 46

fl=(92)
fn=(492)
29 6
cfi=(42)
cfn=(214)
calls=1 +23 
* 2
* 3
+8 1
+3 2
+1 4
+5 1
-6 2
+82 6

fl=(67) /build/buildd/eglibc-2.10.1/malloc/malloc.c
fn=(342) _int_malloc
4225 14028112
cfi=(42)
cfn=(214)
calls=2004016 52 
* 4008032
* 2004016
+28 2004016
-28 4008032
+28 16032128
+8 2004016
-8 2004016
+8 2004016
+14 2004002
-13 6012006
+13 2004002
+2 4008004
4708 14027797
4300 4008032
+1 2004009
+1 2004009
-1 2004009
+1 4008018
+2 2004009
-3 2004009
+1 2004009
+2 4008018
+1 90
+3 45
+1 45
+1 45
-1 45
+2 45
+2 135
+3 45
+1 135
4708 315
4336 77
+1 35
+1 4
cfn=(344) malloc_consolidate
calls=2 5027 
* 838
+19 2003971
+4 2003971
4694 2003971
4373 2003971
-12 2003971
-4 2003971
4694 2003971
4373 2003971
-16 2003971
4694 2003971
4373 2003971
4694 2003971
4357 2003971
4694 44
4357 44
+66 45
-1 90
+1 45
+1 45
-1 45
+46 405
+7 90
-7 45
+1 45
+1 45
-1 45
+3 45
-1 45
+4 45
4357 8016240
+3 45
-2 45
+1 90
+1 135
+3 45
+10 178
+30 45
+5 45
-5 45
+1 45
+4 45
+13 90
-46 88
-2 88
4485 4008030
+67 4008030
-1 2004015
+1 2004015
+2 2004015
-3 2004015
+2 4008030
+1 2004015
+1 10020075
+5 14028105
+2 24048117
+2 24048096
+91 4008030
+1 2004015
-1 2004015
+1 4008030
+2 4008030
+33 456
+1 88
+1 88
cfn=(344)
calls=44 5027 
* 7348
* 88
+14 44
4486 21
+3 21
4660 2003863
+1 2003863
-1 2003863
+2 4007726
-1 2003863
+1 8015452
+2 2003863
-2 4007726
+6 2003863
-4 2003863
-2 2003863
+5 2003863
-3 2003863
+4 6011589
2968 324
+13 324
+81 108
+9 108
-9 108
+9 965
+6 214
-25 216
+19 2
+10 432
+4 432
3396 432
+1 108
+8 432
+2 108
+1 108
-1 108
+2 108
-1 108
+1 324
+1 108
-1 432
+1 108
-1 108
+3 108
-2 108
4703 756
3147 648
+19 108
-19 108
+19 540
+8 108
-8 108
+8 108
+1 432
cfi=(73) /build/buildd/eglibc-2.10.1/malloc/morecore.c
cfn=(346) __default_morecore
calls=108 48 
* 8127
+2 216
-2 108
+2 108
+2 124
+1 124
4704 124
3225 216
+1 1
+1 2
+6 1
-6 2
+6 1
-6 214
+6 107
-6 214
+6 107
+3 374
+40 6
+19 1
+3 2
+1 3
+2 2
+1 5
cfi=(73)
cfn=(346)
calls=1 48 
* 38
+12 3
-12 1
+12 1
+5 2
+1 2
4704 1
3338 2
+1 6
+1 1
+11 2
-13 92
+1 276
+1 46
+11 92
+6 46
+1 92
+15 46
-15 46
+8 46
+3 46
+4 49
-36 230
+40 135
cfn=(370) _int_free
calls=45 4720 
* 2340
* 135
3238 3
-5 212
+1 366
+33 2
+61 92
+3 138
3194 92
+1 6
+3 3
+4 2
-4 135
+4 90
+2 368
cfi=(62) /build/buildd/eglibc-2.10.1/misc/../sysdeps/unix/sysv/linux/i386/mmap.S
cfn=(298) mmap
calls=46 35 
* 1150
+2 92
-2 46
+2 46
+12 46
+6 92
-14 184

fn=(324) malloc
3593 10020080
cfi=(42)
cfn=(214)
calls=2004016 52 
* 4008032
* 6012048
+5 4008032
+1 4008032
+3 4008030
+33 16032120
+3 6012045
cfn=(342)
calls=2004015 4225 
* 286607251
+1 2004015
-1 2004015
+1 2004015
+20 8016060
+1 18036135
+3 14028112
-63 5
cfi=(68) /build/buildd/eglibc-2.10.1/malloc/hooks.c
cfn=(326) malloc_hook_ini
calls=1 35 
* 75103
* 2

fn=(325) malloc'2
3593 5
cfi=(42)
cfn=(214)
calls=1 52 
* 2
* 3
+5 2
+1 2
+3 2
+33 8
+3 3
cfn=(342)
calls=1 4225 
* 1067
+1 1
-1 1
+1 1
+20 4
+1 9
+3 7

fn=(344)
5027 276
cfi=(42)
cfn=(214)
calls=46 52 
* 92
* 138
+22 138
+1 45
+2 45
+19 45
-19 45
+17 45
+2 45
-2 90
+26 45
-24 45
+24 90
-19 90
+2 90
-2 810
+2 810
+2 90
+27 45
+4 45
-4 45
+1 45
+1 45
+2 45
+5 135
+1 45
+1 45
+1 45
-2 45
+8 45
+3 90
-44 90
+3 135
+4 45
-3 45
+1 90
+2 45
-2 45
+9 45
-9 45
+9 90
+1 90
+6 90
+26 2610
5023 6
2458 3
-2 2
+2 378
-2 252
+6 3
+5 3
+2 1
5137 276
2466 3

fn=(370)
4720 360
+15 45
-15 45
cfi=(42)
cfn=(214)
calls=45 52 
* 90
* 45
+15 90
+6 135
-6 45
+6 135
+13 90
+13 90
+12 45
-1 90
+2 45
-2 45
+2 90
+27 135
+3 45
+1 90
+20 45
-21 45
+21 90
+6 45
+1 90
5006 270

fl=(57) /build/buildd/eglibc-2.10.1/stdio-common/vfscanf.c
fn=(280) _IO_vfscanf
214 5994012
cfi=(42)
cfn=(214)
calls=999002 52 
* 1998004
* 10989022
+11 1998004
+1 999002
-1 999002
+1 999002
+71 1998004
+3 6993014
+4 1998004
+8 1998004
+6 999002
+1 1998004
+16 999002
-16 999002
+16 8991018
1570 999002
340 3996008
1570 999002
344 999002
-4 12987026
+4 3996008
+37 11988016
+25 5994008
+1 11988016
+3 14985020
2846 5994008
344 5994008
2846 5994008
344 17982024
2856 1998004
+3 25972020
+1 11985992
-1 507
+1 2032
-1 5994012
+2 2997007
+5 5994012
+2 2997006
+3 1998004
+19 2997006
+6 7992016
-50 11988016
452 20979028
+49 32967044
+80 14985020
+5 14985026
+4 2997004
+1 14985020
-1 2997004
+1 8991012
+6 44953058
+3 14983521
-3 499
+3 2998501
+2 11988016
-1 2997004
+1 23976032
cfi=(58)
cfn=(310) _IO_sputbackc
calls=2997004 727 
* 62937084
* 2997004
+4 8991012
458 14985020
+12 14985020
+15 2997004
-15 2997004
+21 17982024
606 11988016
2866 5994012
335 6993014
1332 5994008
+8 38961052
+5 2997004
-5 2997004
+5 2997004
+5 2997004
-5 5994008
+9 5994008
+23 8982045
+3 8991012
1727 2997004
-52 2997004
+52 8991012
-52 8991012
-9 37963714
+64 11988016
+27 23976032
cfi=(58)
cfn=(310)
calls=2997004 727 
* 62937084
+3 11988016
+1 8991012
+14 5994008
+3 11988016
+2 5994008
+2 5994008
+17 5994008
+3 5994008
+1 23976032
+4 11988016
1666 23311140
+2 23311140
+5 60942408
+50 8658566
-50 8658566
+50 25975698
+2 8658566
-2 8658566
+2 25975698
+2 95233806
-4 25969446
+4 2084
-4 6252
-48 11988016
+48 12974026
+47 5994008
+1 29970040
cfi=(64) /build/buildd/eglibc-2.10.1/stdlib/strtol.c
cfn=(312) __strtol_internal
calls=2997004 98 
* 574182678
* 8991012
1354 5978
+3 2989
+2 2989
-2 5978
+2 8967
+1 29884
+2 8964
-2 1
+2 14948
2893 14945
1359 5978
+21 8991012
1731 59856
-1 119712
491 5994008
1359 6000
2861 5994006
cfi=(58)
cfn=(310)
calls=999001 727 
* 20979021
* 999001
297 7992016
1727 4168
cfi=(58)
cfn=(282) __uflow
calls=2084 368 
* 368868
* 6252
597 1497
cfi=(58)
cfn=(282)
calls=499 368 
* 88495
* 1497
1360 2
cfi=(58)
cfn=(282)
calls=1 368 
* 177
* 3
2859 1016
cfi=(58)
cfn=(282)
calls=508 368 
* 89906
* 1021

fl=(72) /build/buildd/eglibc-2.10.1/nptl/../nptl/sysdeps/unix/sysv/linux/register-atfork.c
fn=(340) __linkin_atfork
115 5
cfi=(42)
cfn=(214)
calls=1 -63 
* 2
* 2
+2 1
+2 4
-1 3
+2 3

fl=(86) /build/buildd/eglibc-2.10.1/libio/ioputs.c
fn=(448) puts
34 4
+2 1
-2 1
cfi=(42)
cfn=(214)
calls=1 +18 
* 2
* 3
+2 2
cfi=(87)
cfn=(450)
calls=1 -2 
* 24
+1 3
-1 1
+1 19
+3 1
-1 2
+3 7
cfi=(59) /build/buildd/eglibc-2.10.1/libio/fileops.c
cfn=(426) _IO_file_xsputn@@GLIBC_2.1
calls=1 1295 
* 114
-3 1
+3 1
-3 1
fi=(88) /build/buildd/eglibc-2.10.1/libio/libioP.h
984 3
+1 11
fe=(86)
47 7
-5 2
-3 2
+4 2
-3 6
-1 6
+3 3
cfi=(58)
cfn=(452) __overflow
calls=1 244 
* 200
-3 3

fl=(93)
fn=(512)
25 1
+4 1
+1 1

fl=(42)
fn=(214)
52 12020579
+1 12020579

fl=(76) /build/buildd/eglibc-2.10.1/string/../sysdeps/i386/i686/memset.S
fn=(356) memset
52 507
+1 507
+2 507
+1 507
+5 507
+2 507
+1 507
+2 507
+1 507
+12 507
+1 507
+1 507
+2 507
+2 1629
+2 507
+1 1521
+5 507
+3 507
+8 507

fl=(83) /build/buildd/eglibc-2.10.1/stdio-common/vfprintf.c
fn=(422) vfprintf
210 8000
cfi=(42)
cfn=(214)
calls=1000 52 
* 2000
* 7000
+35 1000
-35 2000
+35 2000
1288 2000
+4 6000
+4 2000
+7 2000
209 2000
fi=(94) /build/buildd/eglibc-2.10.1/stdio-common/printf-parse.h
99 4000
cfi=(84) /build/buildd/eglibc-2.10.1/string/../sysdeps/i386/strchrnul.S
cfn=(424) strchrnul
calls=1000 -61 
* 17996
fe=(83)
1329 1000
fi=(94)
99 1000
fe=(83)
1329 3000
+4 12000
cfi=(59)
cfn=(426)
calls=1000 -38 
* 21000
* 2000
1983 8000
+1 3000
+3 9000
1329 7000
+1 16000
+3 2000
+4 4000
1935 1000
1337 1000
1935 1000
1337 7000
1935 1000
1383 92969
1983 6000
1619 8997
+8 8997
fi=(94)
99 8997
cfi=(84)
cfn=(424)
calls=2999 -61 
* 72981
fe=(83)
1631 5998
fi=(94)
99 2999
fe=(83)
1631 8997
fi=(94)
99 2999
fe=(83)
1631 32989
cfi=(59)
cfn=(426)
calls=2999 1295 
* 407111
* 20993
+2 2999
-2 2999
+2 5998
-16 3998
-17 170943
cfi=(59)
cfn=(426)
calls=2999 1295 
* 260336
* 5998
+1 17994
-1 5998
1288 8000
+9 6000
-1 4000
1600 35988
cfi=(85) /build/buildd/eglibc-2.10.1/stdio-common/_itoa.c
cfn=(428) _itoa_word
calls=2999 175 
* 159526
* 143952

fl=(58)
fn=(300) _IO_setb
404 21
cfi=(42)
cfn=(214)
calls=3 52 
* 6
* 3
+1 11
+2 6
+1 6
+1 9
+3 1
+1 5
-3 2
+3 10

fn=(508) _IO_default_setbuf
562 9
cfi=(42)
cfn=(214)
calls=1 52 
* 2
* 1
+1 4
cfi=(59)
cfn=(510) _IO_file_sync@@GLIBC_2.1
calls=1 898 
* 25
* 2
+2 3
+10 3
+1 3
+2 7
-11 1
+1 7
cfn=(300)
calls=1 404 
* 28
* 1

fn=(288) _IO_doallocbuf
419 14
cfi=(42)
cfn=(214)
calls=2 52 
* 4
* 2
+1 6
+6 10
-4 4
+1 8
cfi=(60) /build/buildd/eglibc-2.10.1/libio/filedoalloc.c
cfn=(290) _IO_file_doallocate
calls=2 88 
* 289
* 4

fn=(302) _IO_switch_to_get_mode
187 15460
+1 9276
+3 9276
+4 3092
+1 3092
-1 3092
+1 3092
+7 3092
-4 3092
+2 9276
+2 3092
+2 12368

fn=(434) _IO_default_xsputn
452 1
+3 1
-3 5
+3 1
-3 1
cfi=(42)
cfn=(214)
calls=1 52 
* 2
* 2
+3 2
-2 1
+32 5
-25 16
+25 32
cfi=(59)
cfn=(430) _IO_file_overflow@@GLIBC_2.1
calls=3 836 
* 120
* 12
+2 3
+1 3
+1 2
+1 6

fn=(452)
244 7
cfi=(42)
cfn=(214)
calls=1 52 
* 2
* 1
+2 3
+2 6
cfi=(59)
cfn=(430)
calls=1 836 
* 176
+1 5

fn=(282)
368 21644
cfi=(42)
cfn=(214)
calls=3092 52 
* 6184
* 3092
+2 6184
+4 9276
+2 9276
+3 9276
+2 9276
+6 9276
+5 9276
+2 12368
cfn=(284) _IO_default_uflow
calls=3092 +45 
* 399030
+1 15460
-25 27828

fn=(504) _IO_flush_all_lockp
823 6
cfi=(42)
cfn=(214)
calls=1 52 
* 2
* 3
+6 7
+1 2
+5 1
-1 1
+2 2
-2 1
+2 1
+4 3
-4 2
+3 2
-1 2
+1 3
-1 1
+1 1
+3 9
+2 6
-2 6
+10 6
+4 6
-2 3
+2 3
+7 3
-27 6
+31 2
+2 3
+4 7
-31 9

fn=(502)
1007 6
cfi=(42)
cfn=(214)
calls=1 52 
* 2
* 2
+3 2
cfn=(504)
calls=1 823 
* 109
-59 2
+59 1
-59 1
+11 3
-9 21
+9 17
+7 5
+10 7
cfi=(59)
cfn=(506) _IO_file_setbuf@@GLIBC_2.1
calls=1 452 
* 127
+2 3
+6 3
-36 9
+71 7
-51 1
+4 1
-4 1
+2 1
+2 1
-2 1
+3 1
-2 1
+2 3
+6 12

fn=(284)
439 15460
+1 12368
cfi=(59)
cfn=(286) _IO_file_underflow@@GLIBC_2.1
calls=3092 544 
* 334102
* 3092
+1 9276
+2 12364
+1 12368

fn=(310)
727 41958054
+4 6993009
-1 13986018
+1 13986018
-1 13986018
+10 6993009
+3 27972036
-10 6993009
+1 13986018

fl=(54) /build/buildd/eglibc-2.10.1/setjmp/../sysdeps/i386/bsd-_setjmp.S
fn=(270) _setjmp
36 1
+1 1
+4 1
+1 1
+1 1
+1 1
+2 2
+2 1
+1 1
+2 2
+2 1
+2 1
+2 1
+1 1

fl=(56) /build/buildd/eglibc-2.10.1/stdio-common/isoc99_scanf.c
fn=(278) __isoc99_scanf
29 4995010
cfi=(42)
cfn=(214)
calls=999002 +23 
* 1998004
* 2997006
+4 20979042
+1 999002
-6 999002
+9 6993014
cfi=(57)
cfn=(280)
calls=999002 214 
* 1966295925
fi=(66) /build/buildd/eglibc-2.10.1/stdio-common/../libio/libioP.h
993 999002
fe=(56)
37 999002
fi=(66)
994 1998004
+1 10989022
fe=(56)
42 6993014

fl=(74) /build/buildd/eglibc-2.10.1/misc/sbrk.c
fn=(348) sbrk
35 545
cfi=(42)
cfn=(214)
calls=109 +17 
* 218
* 436
+8 760
+4 218
+4 432
+3 324
cfi=(75)
cfn=(350)
calls=108 -18 
* 2776
-3 324
+7 763
-14 3
cfi=(75)
cfn=(350)
calls=1 -8 
* 24
* 5
+7 138

fl=(59)
fn=(304) _IO_file_read
1207 15460
+1 6184
+2 12368
+1 3092
-1 3092
cfi=(63) ???
cfn=(306) read
calls=3092 0 
* 43288

fn=(436) new_do_write
512 7014
+2 1002
-2 2004
cfi=(42)
cfn=(214)
calls=1002 52 
* 2004
* 1002
+2 2004
+15 7014
cfn=(438) _IO_file_write@@GLIBC_2.1
calls=1002 1268 
* 53106
* 1002
+1 3006
+5 1002
-2 1002
+2 1002
-2 3006
+1 2004
+1 2004
+4 7014
-18 4008
+9 2004
+6 2004

fn=(506)
452 3
+1 1
-1 2
cfi=(42)
cfn=(214)
calls=1 52 
* 2
* 3
+1 5
cfi=(58)
cfn=(508)
calls=1 562 
* 96
* 2
+4 1
-1 3
+2 3
+3 6

fn=(510)
898 7
cfi=(42)
cfn=(214)
calls=1 52 
* 2
* 1
+5 4
+2 1
+1 2
+17 3
+4 5

fn=(292) _IO_file_stat
1232 6
+2 14
cfi=(61) /build/buildd/eglibc-2.10.1/io/../sysdeps/unix/sysv/linux/fxstat64.c
cfn=(294) __fxstat64@@GLIBC_2.2
calls=2 46 
* 40
+4 4

fn=(432) _IO_do_write@@GLIBC_2.1
500 5015
+1 3009
+2 4012
-1 4008
cfn=(436)
calls=1002 +10 
* 104208
* 1002
-1 3006

fn=(438)
1268 1002
+2 1002
-2 4008
+2 1002
-2 2004
+2 2004
+11 1002
-11 2004
+2 2004
+3 6012
cfi=(63)
cfn=(440) write
calls=1002 0 
* 14028
* 1002
+1 2004
+9 6012
+3 5010
-6 3006

fn=(430)
836 9054
cfi=(42)
cfn=(214)
calls=1006 52 
* 2012
* 1006
+1 3018
+7 6032
+35 2012
+3 8
+3 4
+1 4
-1 8
+1 16
+5 4
+1 6036
-45 3
+12 3
+9 2
+4 1
+3 1
-5 1
+1 1
+4 1
-3 1
+1 3
+3 5
+1 2
+9 2
+3 1
-1 6
cfn=(432)
calls=1 500 
* 124
* 3
-7 1002
-1 5010
cfn=(432)
calls=1002 500 
* 124136
* 1002
-31 3
cfi=(58)
cfn=(288)
calls=1 419 
* 176
+1 7

fn=(286)
544 24736
cfi=(42)
cfn=(214)
calls=3092 52 
* 6184
* 3092
+8 9276
+6 9276
+3 9276
+13 6184
+20 6184
cfi=(58)
cfn=(302)
calls=3092 187 
* 77300
+11 3092
-5 3092
+5 6184
-5 6184
+1 3092
+4 3092
-3 9276
+3 12368
cfn=(304)
calls=3092 1207 
* 83484
+2 6184
+10 6182
-3 3091
+3 12364
+2 6182
+1 18546
-11 1
+1 1
+10 1
-6 1
+6 5
-56 3
+5 2
cfi=(58)
cfn=(288)
calls=1 419 
* 165
* 2

fn=(426)
1295 6999
+6 6999
-6 34995
+6 6999
-6 6999
cfi=(42)
cfn=(214)
calls=6999 52 
* 13998
* 13998
+6 13998
+7 5999
-12 5999
+12 23996
+17 6
+32 6012
cfn=(430)
calls=1002 836 
* 160414
* 2004
+7 1002
+1 1002
-1 2004
+1 5010
+2 3006
+11 2004
+1 6
cfi=(58)
cfn=(434)
calls=1 452 
* 215
* 2
-50 7007
+12 1001
-8 2002
-4 14991
+12 4997
-8 15992
+15 17994
-1 11996
+1 11397
-1 7598
+2 5998
-2 5998
+2 5998
-2 5998
+2 5998
+2 17994
+2 23992
+28 11998
+1 41994
-72 17994
+1 11996
-1 5998
+1 11996
+3 23992
+2 22991
-2 17592
+2 11397
+2 4004
+2 1001
+9 14991

fl=(65) /build/buildd/eglibc-2.10.1/stdlib/strtol_l.c
fn=(314) ____strtol_l_internal
232 17982024
+14 2997004
-14 2997004
cfi=(42)
cfn=(214)
calls=2997004 52 
* 5994008
* 2997004
+14 2997004
+12 8991012
+19 5994008
+12 20979028
+9 5994008
-6 2997004
+6 8991012
-6 2997004
+6 8991012
+2 5994008
+5 5994008
+5 8991012
+4 14985020
+10 8982045

ob=(5) /home/dundee/Dokumenty/OI/pal/uloha3/main
fl=(81) /home/dundee/Dokumenty/OI/pal/uloha3/forest.c
fn=(410) forest_add_child
47 4500
+3 4500
+1 6000
+3 7500
+2 13475
+2 2990
+1 5980
-1 10
+1 4012
+1 3992
+1 2994
+1 2994
+1 1996
-3 2008
+1 1506
+1 1506
+1 1004

fn=(412) forest_delete_path
66 3000
+2 2000
+3 4000
+15 4000
+1 3972
+3 4965
+3 35
+2 8990
+2 2994
+1 13972
+2 1996
-3 6
+1 28
+2 39
cfn=(413) forest_delete_path'2
calls=7 -34 
* 1724822
* 7
+2 2000

fn=(413)
66 1506
+2 1004
+3 2008
+1 1506
+1 2008
+1 1506
+1 502
+1 610072
+1 457554
-2 612080
+4 2008
+1 2008
+1 4016
+1 2008
+4 2008
+1 1996
+1 2460
+2 527
+3 15
+2 4518
+2 1506
+1 7028
+2 3479
cfn=(413)
calls=495 -34 
* 314977353
* 495
+2 1004

fn=(394) forest_insert
32 4506
+2 3004
cob=(4)
cfi=(67)
cfn=(324)
calls=1502 3593 
* 289886
* 1502
+1 4506
+1 6008
+1 3004
+1 3004
+1 4506
+1 12012
+2 4503
+1 1501
+1 3002
-2 3
+1 1
+1 2

fn=(378) forest_init
22 2
+1 2
+1 2

fn=(414) forest_empty
27 2000
+1 5000
+1 2000

fl=(77) /home/dundee/Dokumenty/OI/pal/uloha3/binomial_heap.c
fn=(366) __heap_merge
97 5988522
+1 1996174
+1 3992348
+2 1996174
+1 96637764
+1 13672080
+1 18229440
+2 34646802
+1 34646802
+2 46195736
-8 23097868
+8 18229440
-8 49292388
+11 11937812
+1 29424
+1 9808
+1 19616
-1 1986366
+1 3972732

fn=(406) heap_increase_all
243 3004
+1 6008
+1 10514
+1 3004

fn=(368) __heap_connect
55 31788864
+3 42385152
+1 28797282
+1 9599094
+1 388395420
+1 388395420
+1 166455180
-3 130168308
+6 95366592
+1 21192576
+2 31788864
+1 42385152
+1 31788864
+1 52981440
+1 21192576

fn=(364) __heap_union
118 5996997
+3 3997998
+2 5991579
+1 3994386
+1 3057
+1 1019
+5 96523378
+1 96523378
+1 41367162
-3 31570456
+5 3992348
+1 5988522
+1 9980870
cfn=(366)
calls=1996174 -40 
* 366577296
* 1996174
+1 1996174
+1 3992348
+1 5988522
+1 1996174
+1 140363856
+1 28836264
-1 28836264
+1 71989775
-1 28795910
+4 25595376
+1 25595376
-5 12797688
+6 63577728
+2 18546052
+1 23182565
cfn=(368)
calls=4636513 -96 
* 586845112
* 4636513
+3 11919550
+1 19835728
+2 2001686
+1 5004215
cfn=(368)
calls=1000843 55 
* 56994027
* 24794660
cfn=(368)
calls=4958932 55 
* 838841645
+1 11919550
+2 17879325
-20 11919550
+20 52302603
-20 38860750
+22 7984696
-41 1806
+42 3997998

fn=(358) heap_init
33 2000
+1 2000
+1 2000
+1 2000

fn=(360) heap_insert
168 2997000
+4 1998000
cob=(4)
cfi=(67)
cfn=(324)
calls=999000 3593 
* 192839354
* 999000
+1 1998000
cob=(4)
cfi=(67)
cfn=(324)
calls=999000 3593 
* 192811238
* 999000
+2 2997000
+1 2997000
+1 2997000
+1 1998000
+1 1998000
+1 6993000
cfn=(362) heap_node_init
calls=999000 39 
* 17982000
+2 1998000
+1 1998000
+1 1998000
+1 1998000
+2 4995000
cfn=(364)
calls=999000 -69 
* 328179719
+1 1998000

fn=(408) heap_union
192 2997
+2 2997
+1 999
+1 48986
+1 48986
+1 20994
-3 15994
+5 1998
+1 5994
cfn=(364)
calls=999 -83 
* 2065932
+1 1998
+1 1998

fn=(388) heap_min
206 3996004
+2 2997003
+1 2997003
+2 1998002
+1 999000
+1 3996000
+1 999000
+1 53210220
+1 6629158
+1 6629158
+2 6629158
+1 9943737
-6 6629158
+5 11107582
+1 16661373
-6 13105582
+11 1998004
+1 6938045
+1 43964
+1 3996000
+1 2991582
+1 997194
+1 74174016
+1 74174016
+1 31788864
-3 23186964
+6 3996000
cfn=(390) __heap_reverse
calls=999000 76 
* 172550250
* 3996000
cfn=(364)
calls=999000 118 
* 2522088455
+1 1998000
+1 11988000
+1 1998000
+1 3996004

fn=(390)
76 2997000
+1 999000
+3 1998000
+1 3612
+2 1994388
+1 997194
+1 28797282
+1 28797282
+1 19198188
+1 19198188
+1 19198188
-5 42385152
+7 2991582
+1 997194
+1 1998000

fn=(362)
39 1998000
+1 1998000
+1 1998000
+1 1998000
+1 1998000
+1 2997000
+1 2997000
+1 1998000

fl=(78) /home/dundee/Dokumenty/OI/pal/uloha3/disjoint_set.c
fn=(392) dset_find
33 6031515
+1 4021010
+1 8042020
+2 19987400
cfn=(393) dset_find'2
calls=1998740 -4 
* 58029160
* 3997480
-1 38093710
+3 14073535
+1 2010505
+1 4021010

fn=(393)
33 6000162
+1 4000108
+1 8000216
+2 13140
cfn=(393)
calls=1314 -4 
* 44506
* 2628
-1 20012366
+3 14000378
+1 2000054
+1 4000108

fn=(372) dset_init
19 6
+1 8
cob=(4)
cfi=(67)
cfn=(324)
calls=2 3593 
* 568
* 6
+1 14
cob=(4)
cfi=(76)
cfn=(356)
calls=2 +31 
* 538
+1 6
+1 4

fn=(398) dset_union
44 5994
+1 15984
+1 9990
cfn=(392)
calls=1998 -13 
* 110542
* 1998
+1 9990
cfn=(392)
calls=1998 -14 
* 63092
* 1998
+2 27972
+1 4396
+1 5652
+2 9590
+1 12330
+2 3996

fn=(380) dset_makeset
26 4000
+1 8000
+1 16000
+1 4000

fl=(55) /home/dundee/Dokumenty/OI/pal/uloha3/main.c
fn=(318) readInput
13 4
+4 4
cob=(4)
cfi=(67)
cfn=(324)
calls=1 3593 
* 75131
cob=(1)
cfi=(49)
cfn=(236)
calls=1 +12 
* 889
* 1
+1 6
cob=(4)
cfi=(76)
cfn=(356)
calls=1 +34 
* 269
cob=(1)
cfi=(49)
cfn=(236)
calls=1 +11 
* 905
+2 9
cob=(4)
cfi=(56)
cfn=(278)
calls=1 +9 
* 1816
+1 1
+1 5994000
+1 5000
cfi=(77)
cfn=(358)
calls=1000 +10 
* 8000
+2 10989000
cfi=(77)
cfn=(360)
calls=999000 168 
* 775768311
+1 8991000
cob=(4)
cfi=(56)
cfn=(278)
calls=999000 +3 
* 2028230961
* 1998000
-5 3000006
+8 1
+1 4

fn=(272) main
33 5
+22 5
cob=(4)
cfi=(56)
cfn=(278)
calls=1 -26 
* 1272
cob=(1)
cfi=(49)
cfn=(236)
calls=1 -26 
* 1017
+1 3
cfn=(318)
calls=1 -43 
* 2835063318
* 1
+3 5
cfi=(78)
cfn=(372)
calls=1 -40 
* 682
+1 5
cfi=(78)
cfn=(372)
calls=1 -41 
* 468
+1 4
cob=(4)
cfi=(67)
cfn=(324)
calls=1 3593 
* 177
* 1
+1 4
cob=(4)
cfi=(67)
cfn=(324)
calls=1 3593 
* 177
* 1
+1 4
cob=(4)
cfi=(67)
cfn=(324)
calls=1 3593 
* 177
* 1
+1 4
cob=(4)
cfi=(67)
cfn=(324)
calls=1 3593 
* 177
* 1
+1 6
cob=(4)
cfi=(76)
cfn=(356)
calls=1 -13 
* 269
+1 3
cfi=(79) /home/dundee/Dokumenty/OI/pal/uloha3/list.c
cfn=(374) list_init
calls=1 -49 
* 8
+1 3
cfi=(80) /home/dundee/Dokumenty/OI/pal/uloha3/stack.c
cfn=(376) stack_init
calls=1 -45 
* 6
+1 3
cfi=(81)
cfn=(378)
calls=1 -46 
* 6
+1 1
+3 2
+1 5000
cfi=(78)
cfn=(380)
calls=1000 -47 
* 16000
+1 5000
cfi=(78)
cfn=(380)
calls=1000 -48 
* 16000
+1 5000
+1 4000
+1 4000
+1 5000
cfi=(79)
cfn=(374)
calls=1000 -61 
* 8000
+1 5000
cfi=(80)
cfn=(382) stack_push
calls=1000 -51 
* 218445
-7 4003
+11 1
+13 997498
-10 4987490
cfi=(77)
cfn=(388)
calls=997498 206 
* 3087485000
* 7515
cfi=(77)
cfn=(388)
calls=1503 206 
* 3941496
* 999001
+1 1998002
+1 2
+4 2
+1 1
+2 5994000
cfi=(78)
cfn=(392)
calls=999000 -62 
* 78802600
* 6993000
cfi=(78)
cfn=(392)
calls=999000 -62 
* 78832050
* 1999502
+2 3006
+3 7510
cfi=(81)
cfn=(394)
calls=1502 -68 
* 340950
* 1502
+3 7510
cfi=(79)
cfn=(396) list_empty
calls=1502 -80 
* 13518
* 3004
+1 2510
cfi=(79)
cfn=(402) list_reset
calls=502 -55 
* 4016
+1 502
+1 10500
cfi=(81)
cfn=(410)
calls=1500 -59 
* 66967
-1 10010
cfi=(79)
cfn=(404) list_next
calls=2002 -67 
* 42030
* 6508
+4 6000
+3 6000
cfi=(78)
cfn=(392)
calls=1000 -79 
* 67500
* 3012
cfi=(78)
cfn=(392)
calls=502 -79 
* 64308
* 10514
cfi=(78)
cfn=(392)
calls=1502 -79 
* 82658
* 3004
+2 9990
cfi=(78)
cfn=(398)
calls=999 -70 
* 146037
+1 5994
+2 1006
+2 1509
cfi=(79)
cfn=(374)
calls=503 17 
* 4024
+1 2515
cfi=(79)
cfn=(400) list_insert
calls=503 -92 
* 108145
+1 503
+1 1006
+1 3018
+1 1509
+14 496
-12 2976
cfi=(78)
cfn=(392)
calls=496 -93 
* 14634
* 3018
cfi=(78)
cfn=(392)
calls=503 -93 
* 14637
* 3996
+1 1998
+1 4995
cfi=(79)
cfn=(400)
calls=999 28 
* 214785
+3 6993
+1 60
+1 20
+3 10
+1 60
cfi=(78)
cfn=(392)
calls=10 33 
* 340
-1 989
+1 5934
cfi=(78)
cfn=(392)
calls=989 33 
* 58281
* 6993
cfi=(78)
cfn=(392)
calls=999 33 
* 73671
* 2501
+4 2012
cob=(4)
cfi=(67)
cfn=(324)
calls=503 3593 
* 97030
* 503
+1 3018
cob=(4)
cfi=(76)
cfn=(356)
calls=503 -90 
* 10693
+1 1509
cfi=(79)
cfn=(402)
calls=503 -94 
* 4024
+1 503
+1 503
+1 9012
cfi=(78)
cfn=(392)
calls=1502 33 
* 68658
* 1502
+1 9012
+1 22530
cfi=(77)
cfn=(406)
calls=1502 +95 
* 22530
-3 6015
cfi=(79)
cfn=(404)
calls=2005 38 
* 42091
* 6015
+7 3018
cfi=(78)
cfn=(392)
calls=503 33 
* 39437
* 2012
+1 1006
+1 14985
cfi=(78)
cfn=(398)
calls=999 44 
* 137487
-1 5505
+3 2515
cfi=(78)
cfn=(392)
calls=503 33 
* 14937
* 503
+1 2515
+1 2515
cfi=(80)
cfn=(382)
calls=503 28 
* 111666
+3 2515
+1 1006
+1 22530
+1 12987
cfi=(77)
cfn=(408)
calls=999 +28 
* 2219873
* 999
-1 503
-1 8020
-65 2
-14 4512
cfi=(80)
cfn=(386) stack_pop
calls=1504 -40 
* 28568
* 4512
+94 9
+1 12
cfi=(81)
cfn=(412)
calls=1 66 
* 215791
+3 1
+1 1
+1 2997
+1 4995
cfi=(79)
cfn=(400)
calls=999 28 
* 214785
+1 2997
+1 6993
+5 9990
cfi=(81)
cfn=(412)
calls=999 66 
* 1561035
+1 4995
-10 2997
cfi=(81)
cfn=(414)
calls=999 27 
* 8991
* 3
cfi=(81)
cfn=(414)
calls=1 27 
* 9
* 2000
+13 10
cob=(4)
cfi=(82) /build/buildd/eglibc-2.10.1/stdio-common/printf.c
cfn=(420) printf
calls=1 30 
* 1916
cob=(1)
cfi=(49)
cfn=(236)
calls=1 29 
* 943
+2 3
cfi=(79)
cfn=(402)
calls=1 49 
* 8
+1 1
+1 11988
cob=(4)
cfi=(82)
cfn=(420)
calls=999 30 
* 1691836
-1 3000
cfi=(79)
cfn=(404)
calls=1000 38 
* 22992
* 3000
+3 2
cob=(4)
cfi=(86)
cfn=(448)
calls=1 34 
* 432
cob=(1)
cfi=(49)
cfn=(236)
calls=1 29 
* 870

ob=(4)
fl=(65)
fn=(314)
331 5994008
+53 2997004
-5 2997004
+1 2997004
+58 5994008
-59 2997004
+1 2997004
+58 2997004
+2 8991012
+16 2997004
-16 8991012
+16 14985020
-14 25984665
+28 25984665
+3 51969330
+5 17323110
+1 17323110
-41 34646220
+2 11329102
+49 8991012
+1 5994008
+5 8991012
+1 8991012
-1 5994008
+18 17982024
+18 17982024
334 23976032
484 5994008
316 20923

fl=(60)
fn=(290)
88 16
cfi=(42)
cfn=(214)
calls=2 -36 
* 4
* 2
+15 18
cfi=(59)
cfn=(292)
calls=2 1232 
* 64
* 4
+2 8
+11 3
+1 6
+3 14
cfi=(62)
cfn=(298)
calls=2 -85 
* 50
* 6
+1 12
cfi=(58)
cfn=(300)
calls=2 404 
* 52
* 2
+2 14
-13 2
-2 8
+8 1
-3 1
+3 2

fl=(69) /build/buildd/eglibc-2.10.1/malloc/arena.c
fn=(328) ptmalloc_init
467 6
cfi=(42)
cfn=(214)
calls=1 52 
* 2
* 2
+8 3
+1 1
+35 1
410 1
+2 1
+1 1
+1 1
+1 1
cfi=(70) /build/buildd/eglibc-2.10.1/misc/../sysdeps/unix/sysv/linux/getpagesize.c
cfn=(330) getpagesize
calls=1 28 
* 13
519 1
-9 1
+1 1
+8 1
415 1
519 1
+8 1
-2 1
+3 1
-1 1
+1 12
cfi=(72)
cfn=(340)
calls=1 115 
* 20
+11 2
+2 4
+54 1
-54 1
+56 1
-2 1
-20 1
+22 1
-37 1
+15 1
-15 2
382 82
+16 41
-18 126
622 2
+5 2
+1 2
+2 1
+1 6
521 5
cfi=(71) /build/buildd/eglibc-2.10.1/elf/dl-addr.c
cfn=(334) _dl_addr
calls=1 127 
* 73602
* 1
-2 2
+2 4

fl=(47)
fn=(224)
41 4
cfi=(42)
cfn=(214)
calls=1 +11 
* 2
* 1
-8 4
+1 3
+9 3

fl=(61)
fn=(294)
46 4
+3 2
-3 2
+3 2
-3 2
cfi=(42)
cfn=(214)
calls=2 +6 
* 4
* 2
+3 6
cob=(1)
cfi=(1)
cfn=(296)
calls=2 -49 
* 4
* 6
+33 6

fl=(73)
fn=(346)
48 327
+1 327
cfi=(74)
cfn=(348)
calls=109 -14 
* 6966
+1 109
+3 109
-3 218
+3 109

fl=(51) /build/buildd/eglibc-2.10.1/csu/libc-start.c
fn=(242) (below main)
93 6
cfi=(42)
cfn=(214)
calls=1 -41 
* 2
* 4
+10 4
+49 1
-49 1
+49 1
+1 4
cfi=(52)
cfn=(244)
calls=1 -96 
* 106
+22 4
+3 2
+1 8
cob=(5)
cfi=(53) ???
cfn=(250) __libc_csu_init
calls=1 0 
* 57
+4 4
+15 2
+9 3
cfi=(54)
cfn=(270)
calls=1 36 
* 16
+1 2
+5 2
+1 2
+3 2
+3 8
cob=(5)
cfi=(55)
cfn=(272)
calls=1 33 
* 6116593002
+32 2
cfi=(89)
cfn=(456)
calls=1 100 
* 1882
103 2

fl=(46)
fn=(222)
78 5
cfi=(42)
cfn=(214)
calls=1 -26 
* 2
* 2
+1 3
+13 5

fl=(63)
fn=(442) __write_nocancel
0 6012
cob=(1)
cfi=(1)
cfn=(296)
calls=1002 0 
0 2004
0 4008

fn=(308) __read_nocancel
0 18552
cob=(1)
cfi=(1)
cfn=(296)
calls=3092 0 
0 6184
0 12368

fn=(440)
0 2004
cfn=(442)
calls=1002 0 
0 12024

fn=(306)
0 6184
cfn=(308)
calls=3092 0 
0 37104

fn=(332) 0x00105be6
0 2

fl=(85)
fn=(428)
175 8997
+1 2999
-1 14995
cfi=(42)
cfn=(214)
calls=2999 52 
* 5998
* 5998
+1 11996
+10 5998
+18 17994
-9 84551

fl=(70)
fn=(330)
28 1
cfi=(63)
cfn=(332)
calls=1 -28 
* 2
* 3
+16 1
-15 5
+15 1

fl=(41) /build/buildd/eglibc-2.10.1/csu/../sysdeps/unix/sysv/linux/init-first.c
fn=(212) _init
52 6
cfi=(42)
cfn=(214)
calls=1 * 
* 2
* 5
+6 3
+17 1
-2 1
+1 1
+1 1
+14 4
cfi=(43) /build/buildd/eglibc-2.10.1/misc/init-misc.c
cfn=(216) __init_misc
calls=1 -58 
* 96
+8 1
cfi=(45)
cfn=(220)
calls=1 -71 
* 60
+2 6
-32 2
-9 1
+9 3

fl=(43)
fn=(216)
31 7
cfi=(42)
cfn=(214)
calls=1 +21 
* 2
* 2
+1 5
+2 3
cfi=(44)
cfn=(218)
calls=1 +3 
* 63
+1 2
+3 3
+1 3
+2 6

fl=(62)
fn=(298)
35 48
+2 48
+2 48
+2 48
+3 48
+2 48
+1 48
+1 48
+2 48
+2 48
+2 48
+1 48
+1 48
+1 48
+2 48
+3 48
cob=(1)
cfi=(1)
cfn=(296)
calls=48 -62 
* 96
+3 48
+3 48
+3 48
+3 48
+24 48
+1 48
+4 48

fl=(68)
fn=(326)
35 5
cfi=(42)
cfn=(214)
calls=1 +17 
* 2
* 3
+1 2
+1 1
cfi=(69)
cfn=(328)
calls=1 467 
* 73967
+1 1
+1 4
-1 1
cfi=(67)
cfn=(325)
calls=1 3593 
* 1117

fl=(71)
fn=(334)
127 6
cfi=(42)
cfn=(214)
calls=1 -75 
* 2
* 5
+5 4
cob=(1)
cfi=(2) /build/buildd/eglibc-2.10.1/elf/rtld.c
cfn=(336) rtld_lock_default_lock_recursive
calls=1 829 
* 6
+3 7
+1 4
+1 13
+1 2
-2 6
31 3
+1 1
+3 2
+5 1
+1 1
-1 2
+1 2
+2 3
+3 3
+5 9
+2 3
+19 1
-18 2
-1 3030
+19 1010
-18 2020
+2 7224
+16 2810
-9 1405
-7 1405
+6 1405
+1 1405
-1 1405
+1 903
-7 903
+6 903
+1 903
-1 10135
+3 9220
-3 2305
+3 2305
-3 3577
+3 636
-3 7892
+10 4616
-21 6065
+49 3
+1 2
+1 3
+3 2
+41 4
cob=(1)
cfi=(2)
cfn=(338) rtld_lock_default_unlock_recursive
calls=1 835 
* 6
+3 7
-32 2
+1 3

fl=(64)
fn=(312)
98 11988016
cfi=(42)
cfn=(214)
calls=2997004 -46 
* 5994008
* 5994008
+1 35964048
cfi=(65)
cfn=(314)
calls=2997004 232 
* 502254582
+1 11988016

fl=(84)
fn=(424)
38 3999
+4 3999
+1 3999
+7 3999
+1 3999
+1 3999
+1 3999
+13 3999
+1 3999
+1 2001
+1 2001
+1 2001
+1 2000
+1 2000
+1 2000
+2 2000
+1 2000
+1 1999
+1 1999
+1 1999
+1 1
+1 1
+47 1999
+1 1999
+2 1999
+1 1999
+10 1999

ob=(5)
fl=(55)
fn=(272)
202 1
+1 5

fl=(79)
fn=(374)
17 3008
+1 3008
+1 3008
+1 3008

fn=(404)
38 15021
+3 20028
+1 22040
+1 16004
+1 20005
+1 4001
+1 10014

fn=(396)
23 3004
+1 7510
+1 3004

fn=(402)
49 2012
+1 4024
+1 2012

fn=(400)
28 7503
+2 5002
cob=(4)
cfi=(67)
cfn=(324)
calls=2501 3593 
* 482693
* 2501
+1 7503
+1 10004
+2 17507
+1 5002

fl=(48) /build/buildd/eglibc-2.10.1/csu/../sysdeps/i386/elf/start.S
fn=(228) 0x08048420
65 1
+5 1
+1 1
+6 1
+1 1
+5 1
+2 1
+24 1
+1 1
+2 1
+1 1
+2 1
+4 1
cob=(4)
cfi=(51)
cfn=(242)
calls=1 -26 
* 6116595129
cob=(1)
cfi=(49)
cfn=(236)
calls=1 -90 
* 1095

fl=(80)
fn=(384) stack_node_init
17 3006
+1 3006
+1 3006
+1 3006

fn=(382)
28 4509
+7 3006
cob=(4)
cfi=(67)
cfn=(324)
calls=1503 3593 
* 286524
* 1503
+1 4509
cfn=(384)
calls=1503 -19 
* 12024
+1 6012
+1 4509
+1 4509
+1 3006

fn=(376)
22 2
+1 2
+2 2

fn=(386)
43 4512
+2 6018
+1 6012
+1 7515
+1 1503
+1 3008

fl=(53)
fn=(252) 0x0804992a
0 2

fn=(466) 0x08048450
0 18

fn=(264) 0x08049930
0 7

ob=(4)
fl=(84)
fn=(424)
146 1000
+3 1000
+1 1000
+4 1000
255 1999
+1 1999
+1 999
+1 999
+1 999
+2 999
+1 999
+1 999
+1 999
+14 3999
+5 3999

fl=(82)
fn=(420)
30 4000
cfi=(42)
cfn=(214)
calls=1000 +22 
* 2000
* 2000
-1 1000
+6 7000
cfi=(83)
cfn=(422)
calls=1000 210 
* 1673752
+4 4000

ob=(5)
fl=(53)
fn=(264)
0 4

fn=(250)
0 6
cfn=(252)
calls=1 0 
0 2
0 3
cob=(2) ???
cfi=(16) ???
cfn=(254) 0x08048370
calls=1 0 
0 34
0 12

fn=(258) 0x080484b0
0 8

ob=(1)
fl=(32) /build/buildd/eglibc-2.10.1/elf/dl-cache.c
fn=(176) _dl_unload_cache
306 4
cfi=(3) /build/buildd/eglibc-2.10.1/elf/../sysdeps/i386/dl-tlsdesc.S
cfn=(4) 0x0001669b
calls=1 131 
* 2
* 2
+1 4
+2 4
cfi=(1)
cfn=(178) munmap
calls=1 0 
* 9
+1 1
+2 4

fn=(124) _dl_load_cache_lookup
182 6
cfi=(3)
cfn=(4)
calls=1 -51 
* 2
* 3
+8 2
+3 4
+45 2
+6 4
+11 1
-2 1
fi=(33) /build/buildd/eglibc-2.10.1/elf/../sysdeps/i386/dl-procinfo.h
101 1
fe=(32)
253 1
+2 1
fi=(33)
101 3
+3 4
cfi=(19) /build/buildd/eglibc-2.10.1/string/strcmp.c
cfn=(50) strcmp
calls=1 -66 
* 29
* 12
cfi=(19)
cfn=(50)
calls=3 -66 
* 104
* 8
-2 12
fe=(32)
259 4
cfi=(1)
cfn=(62) access
calls=1 0 
* 18
+17 2
-17 1
+17 2
-23 1
+23 1
-23 1
+23 1
-23 1
+23 1
-23 1
+23 2
-23 1
+23 140
cfn=(130) _dl_cache_libcmp
calls=9 139 
* 848
* 46
+21 7
196 4
cfi=(27) /build/buildd/eglibc-2.10.1/elf/dl-misc.c
cfn=(126) _dl_sysdep_read_whole_file
calls=1 44 
* 110
+8 2
+1 1
-1 1
+1 1
-1 1
+1 3
-1 13
+8 1
-3 2
+3 2
+3 1
+1 2
-1 1
+1 1
+19 2
fi=(33)
105 1
fe=(32)
255 3
+1 1
-1 1
+1 3
+1 10
-39 2
-2 22
+60 20
cfn=(130)
calls=1 139 
* 98
* 62
+16 4

fn=(130)
139 80
+1 22
+2 141
+2 5
+6 1
+1 1
-1 1
+1 2
-1 1
+1 2
+1 6
+2 4
+2 2
+17 45
-11 230
+2 138
+4 37
+1 111
-29 74
+32 1
+1 4
-1 1
+1 1
-8 36

fl=(13) /build/buildd/eglibc-2.10.1/elf/dl-environ.c
fn=(30) _dl_next_ld_env_entry
30 9
+1 3
-1 3
+4 11
+2 82
+11 39
-13 118
+17 9
-14 22
+5 2
-3 2
+3 2
+2 2

fl=(7) /build/buildd/eglibc-2.10.1/elf/dl-lookup.c
fn=(160) _dl_lookup_symbol_x
315 384
80 96
315 288
80 96
315 192
80 96
315 96
cfi=(3)
cfn=(4)
calls=96 131 
* 192
* 96
80 288
+1 288
-1 96
+1 192
-1 288
+1 3465
-1 1155
+1 2310
-1 3465
325 96
-4 96
-4 96
+8 96
-7 192
+7 274
+5 576
+6 1076
+2 1824
cfi=(38) /build/buildd/eglibc-2.10.1/elf/do-lookup.h
cfn=(162) do_lookup_x
calls=96 31 
* 43128
+3 192
+3 4
-8 192
+33 192
+23 368
+1 552
+35 368
+14 92
+2 276
573 92
449 184
+1 92
+1 576
-80 32
+17 12
+1 4

fn=(12) _dl_setup_hash
459 24
+4 4
-4 4
cfi=(3)
cfn=(4)
calls=4 131 
* 8
* 4
+4 8
+5 4
+3 8
+1 8
+1 4
+2 12
+1 4
+1 8
+2 4
+1 4
+2 4
+2 8
-7 4
+7 12
+13 24

fl=(22) /build/buildd/eglibc-2.10.1/misc/../sysdeps/unix/sysv/linux/i386/mmap.S
fn=(68) mmap
35 8
+2 8
+2 8
+2 8
+3 8
+2 8
+1 8
+1 8
+2 8
+2 8
+2 8
+1 8
+1 8
+1 8
+2 8
+3 8
+3 8
+3 8
+3 8
+3 8
+24 8
+1 8
+4 8

fl=(2)
fn=(136) version_check_doit
653 1
+3 1
-3 4
cfi=(3)
cfn=(4)
calls=1 131 
* 2
* 3
+3 3
cfi=(35) /build/buildd/eglibc-2.10.1/elf/dl-version.c
cfn=(138) _dl_check_all_versions
calls=1 383 
* 3432
-1 2
+4 5

fn=(144) init_tls
713 1
+62 1
-62 5
cfi=(3)
cfn=(4)
calls=1 131 
* 2
* 2
+6 1
-4 1
+4 1
-4 1
+4 1
+60 7
-54 1
+3 4
cfi=(17) /build/buildd/eglibc-2.10.1/elf/dl-minimal.c
cfn=(38) calloc
calls=1 108 
* 77
+12 1
-12 1
+7 1
+1 1
+4 1
+2 5
+2 12
+4 1
+2 1
-7 1
-1 2
+1 3
-1 7
+10 2
+3 1
cfi=(34) /build/buildd/eglibc-2.10.1/elf/dl-tls.c
cfn=(146) _dl_determine_tlsoffset
calls=1 116 
* 87
+7 1
cfi=(34)
cfn=(148) _dl_allocate_tls_storage
calls=1 332 
* 498
+1 1
-1 1
+1 1
+6 1
+4 1
-4 1
+4 17
+3 1
+2 1

fn=(338)
835 6
+1 2
+1 4

fn=(26) dl_main
881 6
cfi=(3)
cfn=(4)
calls=1 131 
* 2
* 2
+19 2
+3 2
+4 2
+1 2
+5 2
+3 2
cfn=(28) process_envvars
calls=1 2489 
* 558
+7 4
1085 7
cfi=(15) /build/buildd/eglibc-2.10.1/elf/dl-object.c
cfn=(34) _dl_new_object
calls=1 36 
* 299
* 1
+2 1
-2 1
+2 1
+1 2
+1 1
+2 1
-1 1
+1 1
-2 1
+2 1
-1 1
+1 1
+29 1
-3 1
-5 1
+8 3
-7 1
+2 1
+5 2
+22 1
-22 1
+43 1
-21 1
+21 2
-42 27
-1 24
+1 37
+95 2
+1 3
-5 2
+1 1
-88 3
+1 1
+49 14
+2 4
+1 2
+3 2
+1 2
-1 2
+1 2
+1 2
+1 6
+1 2
-43 1
-3 2
+3 1
+7 2
-10 1
+10 1
+68 2
-87 3
+1 1
+92 3
+3 2
+2 2
+2 2
+13 3
+1 9
cfi=(19)
cfn=(50)
calls=1 38 
* 22
-1 3
+8 1
+3 1
-5 1
+3 1
+2 1
+1 2
+4 2
+2 2
fi=(4) /build/buildd/eglibc-2.10.1/elf/dynamic-link.h
104 1
+4 2
+6 1
-2 1
+2 2
+3 16
+15 16
-18 48
+18 4
-18 12
+2 40
+5 16
+1 12
+1 4
+16 3
+38 3
+7 3
+5 2
+4 2
+1 3
+12 3
+14 3
+7 2
fe=(2)
1266 2
cfi=(7)
cfn=(12)
calls=1 459 
* 40
+3 2
+20 4
+89 1
cfi=(9) /build/buildd/eglibc-2.10.1/elf/../sysdeps/unix/sysv/linux/dl-sysdep.c
cfn=(54) _dl_discover_osversion
calls=1 67 
* 104
* 8
+5 2
cfi=(20) /build/buildd/eglibc-2.10.1/elf/dl-load.c
cfn=(58) _dl_init_paths
calls=1 622 
* 4342
+3 3
cfi=(24) /build/buildd/eglibc-2.10.1/elf/dl-debug.c
cfn=(76) _dl_debug_initialize
calls=1 49 
* 38
+7 1
-7 1
+2 1
+5 1
+4 1
+1 1
+2 1
-2 1
-1 2
+4 2
+5 1
-9 1
+2 1
-1 1
+8 1
+5 1
+4 1
-3 1
+3 1
-3 1
+7 1
-5 1
+5 3
+1 2
+1 1
-1 2
+1 3
+2 2
+1 2
+5 2
+5 4
1615 3
+3 2
+4 3
+5 2
+1 1
cfi=(24)
cfn=(78) _dl_debug_state
calls=1 76 
* 4
+4 3
+15 3
+4 4
+31 5
cfi=(1)
cfn=(62)
calls=1 0 
* 18
* 2
+77 2
+11 1
-11 2
+18 8
cfi=(30) /build/buildd/eglibc-2.10.1/elf/dl-deps.c
cfn=(114) _dl_map_object_deps
calls=1 149 
* 10636
* 2
+6 6
+1 3
-1 2
+1 9
-1 7
+4 3
+1 3
+1 1
+2 2
+1 11
-1 6
fi=(4)
126 4
+3 4
+1 4
+54 2
fe=(2)
1792 1
+12 1
+1 1
-1 1
+1 1
+2 4
+5 1
-5 1
+4 2
+12 1
+2 3
+1 1
+1 1
-1 1
+1 3
+11 2
+2 2
-2 2
+1 4
+1 2
cfi=(25) /build/buildd/eglibc-2.10.1/elf/dl-error.c
cfn=(134) _dl_receive_error
calls=1 198 
* 3496
+10 1
+1 1
-1 1
+1 1
+3 2
+3 1
cfn=(150) security_init
calls=1 843 
* 37
+2 2
2088 3
2251 4
+1 1
+5 2
cfi=(34)
cfn=(172) _dl_allocate_tls_init
calls=1 380 
* 180
+4 2
+8 5
+17 1
+1 7
cfi=(37) /build/buildd/eglibc-2.10.1/elf/dl-reloc.c
cfn=(154) _dl_relocate_object
calls=1 155 
* 6324
+11 1
cfi=(8) /build/buildd/eglibc-2.10.1/elf/../elf/dl-sysdep.c
cfn=(174) _dl_sysdep_start_cleanup
calls=1 250 
* 4
+4 3
+20 3
cfi=(24)
cfn=(76)
calls=1 49 
* 30
+1 1
+1 1
cfi=(24)
cfn=(78)
calls=1 76 
* 4
+4 1
cfi=(32)
cfn=(176)
calls=1 306 
* 30
+5 6
2144 1
+4 1
-4 1
+4 3
+48 1
+7 1
-7 3
+7 1
+3 17
+23 2
cfi=(34)
cfn=(170) _dl_add_to_slotinfo
calls=1 820 
* 28
+2 4
+2 8
-18 8
+2 8
+6 8
+1 30
cfi=(37)
cfn=(154)
calls=3 155 
* 74114
+4 15
+14 2
1823 2
1407 4
-11 4
1658 49
+10 1
-10 10
cfi=(18) /build/buildd/eglibc-2.10.1/string/memcpy.c
cfn=(48) memcpy
calls=1 34 
* 43
* 2
+10 2
-10 4
+6 5
cfi=(17)
cfn=(74) strsep
calls=1 320 
* 890
* 5
cfi=(17)
cfn=(74)
calls=1 320 
* 27
* 6
+1 4
+3 5
cfn=(80) do_preload
calls=1 795 
* 2871
* 2
1361 2
1763 7
+4 1
+1 1
-1 1
+2 2
+1 2
+82 1
cfn=(144)
calls=1 713 
* 756
* 2
2219 1
+1 1
-3 2

fn=(88) map_doit
622 5
+2 9
cfi=(20)
cfn=(90) _dl_map_object
calls=1 1955 
* 2747
* 2
+3 3

fn=(80)
795 4
+13 1
-13 1
cfi=(3)
cfn=(4)
calls=1 131 
* 2
* 3
+6 1
-6 1
+13 1
-6 1
+6 2
-2 1
+2 1
-11 1
+6 1
+1 1
+2 1
+2 3
cfi=(25)
cfn=(82) _dl_catch_error
calls=1 160 
* 2831
+1 1
-1 1
+1 2
+2 4
+12 6

fn=(2) _dl_start
358 6
cfi=(3)
cfn=(4)
calls=1 131 
* 2
* 3
fi=(6) /build/buildd/eglibc-2.10.1/elf/../sysdeps/i386/dl-machine.h
49 1
+11 2
fe=(2)
405 1
-3 1
fi=(4)
114 1
fe=(2)
405 1
fi=(4)
114 2
+3 15
+15 13
-18 39
+18 1
-18 3
+2 36
+5 20
+1 12
+10 4
-18 13
+25 2
+20 4
+1 4
+1 4
+1 4
+5 4
+2 4
+1 4
+1 4
+6 3
+3 2
+13 3
+1 3
+4 3
+2 3
+3 3
+1 3
fe=(2)
533 3
293 1
540 1
293 1
cfi=(7)
cfn=(12)
calls=1 459 
* 40
+1 1
+34 1
-34 1
+1 2
+1 2
+1 2
+31 2
-6 1
+6 2
cfi=(8)
cfn=(14) _dl_sysdep_start
calls=1 88 
* 106398
+16 1
-16 1
+16 1
565 7
fi=(4)
123 4
+3 4
fe=(2)
538 17
fi=(5) /build/buildd/eglibc-2.10.1/elf/do-rel.h
75 1
-18 1
+18 2
+1 3
+3 6
+25 2
fi=(6)
628 1
fi=(5)
105 1
fi=(6)
628 1
-1 2
+1 12
fi=(5)
105 12
fi=(6)
628 12
-1 12
fi=(5)
104 12
fi=(6)
629 12
fi=(5)
104 25
fi=(6)
629 1
fi=(5)
104 3
+5 3
+8 5
+3 1
+2 1
-2 4
fi=(6)
345 1
+3 1
-3 1
+3 3
fi=(5)
120 7
+2 7
-2 28
fi=(6)
345 7
+3 7
-3 7
+3 21
+4 32
+4 16
fi=(5)
117 25
fi=(4)
+12 4
+1 4
fe=(2)

fn=(84) _dl_initial_error_catch_tsd
786 4
cfi=(1)
cfn=(64) 0x00016697
calls=4 0 
* 8
* 12
+3 12

fn=(336)
829 6
+1 2
+1 4

fn=(150)
843 5
cfi=(3)
cfn=(4)
calls=1 131 
* 2
* 2
fi=(36) /build/buildd/eglibc-2.10.1/elf/../sysdeps/unix/sysv/linux/dl-osinfo.h
72 1
fe=(2)
843 1
fi=(36)
68 1
fe=(2)
845 1
fi=(36)
75 2
+48 5
fe=(2)
847 1
+6 3
+2 1
fi=(36)
132 2
+11 1
fe=(2)
858 1
+2 1
+6 1
+1 6

fn=(28)
2489 6
cfi=(3)
cfn=(4)
calls=1 131 
* 2
* 3
+8 2
-7 1
+7 3
-1 2
-6 1
2642 2
+9 1
-20 1
-6 1
2496 2
2651 1
-9 1
-11 1
-6 2
2499 2
cfi=(13)
cfn=(30)
calls=1 30 
* 69
* 4
cfi=(13)
cfn=(30)
calls=2 30 
* 235
* 9
+4 6
-4 2
+4 6
+1 2
-1 6
+1 17
-1 85
+9 12
2661 1
-4 2
+4 1
-4 1
+4 1
+30 3
+21 6
2586 17
-53 5
+7 6
cfi=(14) /build/buildd/eglibc-2.10.1/string/../sysdeps/i386/memcmp.S
cfn=(32) bcmp
calls=1 34 
* 19
* 3
+2 2
+1 1
+45 2
+1 1

fl=(35)
fn=(140) _dl_check_map_versions
180 32
+15 8
-15 4
cfi=(3)
cfn=(4)
calls=4 -49 
* 8
* 8
+15 8
+4 4
-2 4
+3 4
+2 4
-5 4
+2 4
+1 4
+2 4
+3 6
+4 2
-4 2
+4 4
+10 8
62 2
226 4
62 2
226 2
62 4
226 2
62 10
+1 5
-1 10
+2 21
cfi=(27)
cfn=(92) _dl_name_match_p
calls=7 301 
* 751
* 14
230 4
+4 6
+5 8
+20 3
-16 91
cfn=(142) match_symbol
calls=2 82 
* 416
* 33
cfn=(142)
calls=3 82 
* 492
* 32
+11 15
+9 8
+6 4
+8 12
+3 16
+6 10
+4 150
-4 89
+8 12
+83 14
-97 2
+19 15
cfi=(17)
cfn=(38)
calls=3 108 
* 231
* 3
+2 3
-2 9
+2 3
+8 3
+3 3
-3 3
+5 3
-2 3
+2 3
-2 3
+2 3
+3 10
+4 2
+4 2
-4 2
+4 10
+1 8
+1 6
+1 6
+2 6
-5 10
+10 2
-10 12
+1 6
+1 6
+1 6
+2 6
+5 1
-10 6
+1 3
+1 3
+1 3
+2 5
+8 6
+10 9
+3 10
+20 29
-14 29
-2 29
+2 31
-2 2
+2 2
+5 174
+2 29
-2 29
+1 87
+4 93
+10 14

fn=(138)
383 3
+4 1
-4 1
+4 1
-4 3
cfi=(3)
cfn=(4)
calls=1 131 
* 2
* 1
+4 1
-4 2
+4 2
+1 12
-1 4
+1 4
-1 8
+5 7
-3 16
cfn=(140)
calls=4 180 
* 3348
-1 16

fn=(142)
82 40
cfi=(3)
cfn=(4)
calls=5 +49 
* 10
* 10
+1 5
+8 5
-8 10
+8 5
+6 15
+15 5
+1 10
+2 5
+5 20
+14 70
+12 90
+4 30
-30 60
+19 35
cfi=(19)
cfn=(50)
calls=5 38 
* 433
* 10
+34 5
+1 35

fl=(90)
fn=(462) _dl_sort_fini
34 9
cfi=(3)
cfn=(4)
calls=1 +97 
* 2
* 3
+1 2
+2 1
+2 2
+7 2
+1 1
-1 4
+1 2
-1 1
+1 3
-8 3
+3 15
+4 15
+1 19
-1 14
+5 28
+2 6
+1 4
-1 3
+1 4
+3 4
+23 2
-24 12
+27 9
-32 20
+26 2
-38 6
+76 6

fn=(460)
121 7
cfi=(3)
cfn=(4)
calls=1 +10 
* 2
* 4
+22 3
+87 3
-87 10
+3 3
cfi=(2)
cfn=(336)
calls=1 829 
* 6
+3 2
+3 2
+2 2
-2 7
+13 5
+16 7
+2 8
+2 12
+2 4
+1 4
+1 4
+4 4
-12 13
+14 2
+4 3
+2 6
+9 1
-9 2
cfn=(462)
calls=1 34 
* 204
+9 1
-9 1
+9 2
cfi=(2)
cfn=(338)
calls=1 835 
* 6
* 1
+6 2
+2 3
-2 6
+2 9
+3 8
+3 12
+4 2
+7 6
+6 1
-3 2
+3 2
+1 7
+1 1
cob=(4)
cfi=(45)
cfn=(500)
calls=1 36 
* 15
* 1
-1 4
+5 9
+1 6
cob=(2)
cfi=(16)
cfn=(474) 0x0401f4c8
calls=1 0 
* 899
cob=(2)
cfi=(16)
cfn=(464) 0x0804995c
calls=1 0 
* 29
+5 24
+16 4
-55 13
-71 2
+71 1
-71 2
274 5
+6 2
+7 6
-62 9
+3 4
-61 3
+3 8

fl=(39) /build/buildd/eglibc-2.10.1/elf/dl-init.c
fn=(186) _dl_init
93 7
cfi=(3)
cfn=(4)
calls=1 +38 
* 2
* 2
+2 1
-2 1
+1 1
-1 1
+5 3
+7 2
+27 1
+1 1
-1 1
+1 3
+1 9
cfn=(188) call_init
calls=1 -98 
* 34
* 27
cfn=(188)
calls=3 -98 
* 293
-1 8
+7 6
-40 7
cfn=(188)
calls=1 -64 
* 94
+1 3

fn=(188)
36 35
+1 5
-1 5
cfi=(3)
cfn=(4)
calls=5 +95 
* 10
* 5
+1 10
+9 4
-3 12
+3 16
+5 9
+5 4
+8 4
+6 20
cob=(4)
cfi=(41)
cfn=(212)
calls=1 -18 
* 193
cob=(2)
cfi=(16)
cfn=(190) 0x0401f2f0
calls=1 -70 
* 45
* 2
+4 2
+1 4
+12 30
-35 3
-5 3

fl=(11) /build/buildd/eglibc-2.10.1/string/../sysdeps/i386/i486/strlen.S
fn=(22) strlen
34 13
+2 13
+2 13
+1 13
+1 4
+1 4
+1 3
+2 3
+1 3
+1 3
+1 3
+1 3
+2 3
+1 3
+16 8
+2 8
+1 8
+1 8
+3 8
-5 12
+1 12
+1 12
+3 12
+1 19
+1 19
+1 19
+2 19
+2 19
+1 19
+1 19
+3 19
+1 17
+1 17
+1 17
+2 17
+2 17
+1 17
+1 17
+3 17
+1 17
+1 17
+1 17
+2 17
+2 14
+1 14
+1 14
+3 14
+1 10
+1 10
+1 10
+2 10
+2 6
+1 6
+1 6
+2 6
+1 6
-4 3
+1 3
+2 3
+1 3
-3 2
+2 2
+1 2
-1 1
+1 1
+1 8
+2 8
+1 8
+1 3
+2 3
+1 3
+4 13
+3 13

fl=(49)
fn=(236)
29 7
+2 7
+2 7
+2 7
+1 7
+1 7
cfi=(50) /build/buildd/eglibc-2.10.1/elf/dl-runtime.c
cfn=(238) _dl_fixup
calls=7 +36 
* 6421
+1 7
+2 7
+1 7
+1 7
+1 7

fl=(25)
fn=(82)
160 15
cfi=(3)
cfn=(4)
calls=3 -29 
* 6
* 15
+9 3
+2 3
cfi=(2)
cfn=(84)
calls=3 786 
* 27
* 3
+1 3
+2 3
-2 3
+2 9
cfi=(26) /build/buildd/eglibc-2.10.1/setjmp/../sysdeps/i386/setjmp.S
cfn=(86) __sigsetjmp
calls=3 34 
* 33
+1 3
-1 3
+1 3
+2 9
+1 9
cfi=(30)
cfn=(116) openaux
calls=2 62 
* 8879
cfi=(2)
cfn=(88)
calls=1 622 
* 2766
+1 9
+1 3
+1 3
-1 3
+2 3
-1 3
+1 3
+10 18

fn=(134)
198 5
cfi=(3)
cfn=(4)
calls=1 -67 
* 2
* 6
+1 1
cfi=(2)
cfn=(84)
calls=1 786 
* 9
+5 1
+4 1
+2 1
-7 1
+7 1
-3 1
+3 3
cfi=(2)
cfn=(136)
calls=1 653 
* 3453
+2 2
+1 1
-1 1
+2 1
-1 1
+1 5

fl=(37)
fn=(166) _dl_protect_relro
334 20
cfi=(3)
cfn=(4)
calls=4 131 
* 8
* 8
+1 4
-1 4
+1 4
+1 16
+2 8
+2 8
+1 20
cfi=(1)
cfn=(168) mprotect
calls=4 0 
* 40
-1 8
+7 20

fn=(154)
155 32
cfi=(3)
cfn=(4)
calls=4 -24 
* 8
* 4
+10 8
+4 4
-4 4
+4 4
+1 16
+6 12
+6 12
+4 8
+8 20
+45 4
fi=(6)
104 4
fe=(37)
239 12
fi=(6)
104 4
fe=(37)
268 84
153 4
268 4
153 4
268 16
fi=(5)
65 4
-7 4
+7 4
-7 4
+7 4
fe=(37)
268 8
fi=(5)
65 4
-7 4
+7 4
-7 4
+7 4
+3 8
fi=(6)
401 9
649 3
-1 6
+1 3
+2 6
-2 15
-1 30
+1 15
+2 30
+2 72
+1 36
fi=(5)
68 63
+59 3
fe=(37)
268 9
fi=(5)
127 5
fe=(37)
268 27
+3 8
+40 12
+3 8
+13 12
+1 8
cfn=(166)
calls=4 +6 
* 168
* 4
+1 24
fi=(6)
104 9
+6 6
+4 9
+5 6
+8 9
+13 9
fe=(37)
+43 16
fi=(5)
75 16
+1 34
+15 6
-12 3
+12 5
-12 1
+12 1
+7 9
+6 4
fi=(6)
628 2
fi=(5)
105 2
fi=(6)
628 2
-1 6
+1 1249
fi=(5)
105 1249
fi=(6)
628 1249
-1 1249
fi=(5)
104 1249
fi=(6)
629 1249
fi=(5)
104 2500
fi=(6)
629 2
fi=(5)
104 4
+7 16
+4 3
+2 3
-2 3
+2 3
fi=(6)
466 6
-65 3
+8 3
+57 6
-65 3
+8 6
fi=(5)
119 9
fi=(6)
317 3
fi=(5)
119 6
+1 3
+2 6
-2 3
fi=(6)
320 3
-3 3
fi=(5)
122 3
-2 15
fi=(6)
320 3
fi=(5)
119 300
fi=(6)
317 100
fi=(5)
119 200
+1 100
+2 200
-2 100
fi=(6)
320 100
-3 100
fi=(5)
122 100
-2 500
fi=(6)
320 100
+17 309
+7 2385
fi=(5)
120 80
fi=(6)
344 240
fi=(5)
120 80
fi=(6)
344 400
fi=(5)
120 80
fi=(6)
344 246
fi=(5)
120 6
fi=(6)
344 18
fi=(5)
120 6
fi=(6)
344 30
fi=(5)
120 6
fi=(6)
344 416
cfi=(7)
cfn=(160)
calls=3 -29 
* 1516
* 1328
cfi=(7)
cfn=(160)
calls=83 -29 
* 54721
* 516
+1 511
+2 206
+1 404
+4 206
fi=(5)
127 16
fi=(6)
352 412
+37 81
fi=(5)
117 81
fi=(6)
389 81
fi=(5)
117 164
fi=(6)
449 10
fi=(5)
117 10
fi=(6)
449 10
fi=(5)
117 21
fi=(6)
370 4
+1 2
fi=(5)
117 2
fi=(6)
371 2
fi=(5)
117 2
fi=(6)
371 2
fi=(5)
117 2
fi=(6)
438 30
+2 30
+1 10
fi=(5)
117 10
fi=(6)
441 30
fi=(5)
117 10
fi=(6)
441 10
fi=(5)
117 10
fi=(6)
344 12
fe=(37)
-76 51
fi=(5)
127 2
fi=(6)
466 2
-65 1
+8 1
+57 2
-65 1
+8 2
fi=(5)
128 1
+1 2
-1 1
fi=(6)
317 1
fi=(5)
128 3
fi=(6)
320 1
fi=(5)
129 1
fi=(6)
317 1
fi=(5)
128 2
fi=(6)
320 1
fi=(5)
128 2
+1 4
-1 2
fi=(6)
317 2
fi=(5)
128 6
fi=(6)
320 2
fi=(5)
129 2
fi=(6)
317 2
fi=(5)
128 4
fi=(6)
320 2
+17 9
+7 141
cfi=(7)
cfn=(160)
calls=3 -29 
* 1730
* 18
+1 11
+2 6
+1 4
+4 18
+37 9
fi=(5)
127 10
fe=(37)
268 74
153 4
268 8
153 4
fi=(6)
603 8
-50 8
+50 8
-50 4
fe=(37)
268 4
fi=(5)
75 4
fe=(37)
268 4
fi=(5)
75 4
-17 8
+18 4
-1 8
+1 12
fe=(37)
268 4
fi=(5)
75 4
fe=(37)
268 4
fi=(5)
75 4
-17 8
+18 4
-1 8
+1 12
+15 8
-12 8
+12 16
+10 24
+10 32
+4 6
+2 6
-2 6
+2 6
+10 8
fe=(37)
268 48
fi=(5)
104 12
+23 2
fi=(6)
561 4
fi=(5)
127 2
fi=(6)
344 145
fe=(37)

fl=(50)
fn=(238)
73 42
+3 7
-3 7
cfi=(3)
cfn=(4)
calls=7 +58 
* 14
* 7
+3 14
+3 14
+1 7
+1 7
-1 49
+6 7
-5 14
-1 7
+1 7
+5 7
+4 14
+4 21
+5 36
+1 18
+8 28
+6 91
cfi=(7)
cfn=(160)
calls=7 315 
* 5798
* 14
+4 21
+6 49
+8 7
+7 28
+4 21
fi=(6)
283 21
fe=(50)
147 42
-47 2

fl=(28) /build/buildd/eglibc-2.10.1/io/../sysdeps/unix/sysv/linux/fxstat64.c
fn=(106) __fxstat64
46 6
+3 3
-3 3
+3 3
-3 3
cfi=(3)
cfn=(4)
calls=3 +85 
* 6
* 3
+3 18
+33 9

fl=(31) /build/buildd/eglibc-2.10.1/io/../sysdeps/unix/sysv/linux/xstat64.c
fn=(122) __xstat64
47 32
+3 16
-3 16
+3 16
-3 16
cfi=(3)
cfn=(4)
calls=16 +84 
* 32
* 16
+3 96
+34 48
-34 60

fl=(38)
fn=(162)
31 672
-5 192
+5 288
cfi=(3)
cfn=(4)
calls=96 131 
* 192
* 96
-5 672
+6 96
179 288
+4 96
37 96
221 96
-42 192
63 96
183 96
+38 96
-38 96
63 96
-16 96
-3 96
+1 96
+2 96
+3 96
-3 96
+3 96
-3 201
-3 201
+1 201
+2 201
+3 201
-3 201
+3 201
+4 594
+4 594
+4 594
+7 891
+4 297
+1 297
-1 594
175 297
74 297
175 297
74 297
175 297
+1 594
+4 891
+3 297
-3 297
+3 3267
+24 207
+24 414
+32 1230
+1 185
-1 528
+4 824
+4 24
-40 2
+2 4
+3 390
+4 33
+12 184
+1 184
+18 92
-18 92
+18 460
-7 54
cfi=(27)
cfn=(92)
calls=27 +37 
* 2249
-1 54
-73 588
+1 196
+2 490
+10 307
-7 975
+2 184
+1 92
-1 368
+1 276
cfn=(164) check_match.8256
calls=92 81 
* 15831
+1 188
+45 196

fn=(164)
81 92
+4 92
-4 644
+1 92
+2 92
-3 92
cfi=(3)
cfn=(4)
calls=92 +50 
* 184
* 92
+1 92
+3 184
-1 368
+2 460
+4 828
+9 184
+5 92
-1 92
+1 92
-1 92
+1 92
+2 178
+19 178
+1 356
-1 89
+2 89
-1 178
+1 534
cfi=(19)
cfn=(50)
calls=89 -89 
* 7321
-1 267
+46 644
-73 120
cfi=(19)
cfn=(50)
calls=20 -61 
* 1816
* 40
+55 9
+2 36
+4 4
+1 4
-1 2
+1 2
-1 2
+3 6

fl=(1)
fn=(296)
0 8506

fn=(102) read
0 20

fn=(112) close
0 24

fn=(168)
0 40

fn=(178)
0 9

fn=(56) uname
0 8

fn=(62)
0 30
cfn=(64)
calls=3 0 
0 6
0 18

fn=(182) 0x00000840
0 2

fn=(0) 0x00000850
0 2
cfi=(2)
cfn=(2)
calls=1 358 
0 107032
0 2
cfn=(182)
calls=1 0 
0 2
0 17
cfi=(39)
cfn=(186)
calls=1 93 
0 507
0 3
cob=(5)
cfi=(48)
cfn=(228)
calls=1 65 
0 6116596237

fn=(64)
0 46

fn=(100) open
0 206
cfn=(64)
calls=16 0 
0 32
0 96

fl=(29) /build/buildd/eglibc-2.10.1/string/../sysdeps/i386/memset.c
fn=(108) memset
33 18
+6 3
-6 6
+6 3
+3 3
+3 6
+3 4
+1 6
+3 10
+6 4
+7 437
+5 4
+4 11
+7 18

fl=(21) /build/buildd/eglibc-2.10.1/string/mempcpy.c
fn=(66) mempcpy
35 245
+2 49
-2 49
+1 49
+6 98
+3 128
+1 99
+11 240
+6 261
+3 294

fl=(14)
fn=(32)
34 1
+2 1
+4 1
+2 1
+1 1
+4 1
+2 1
+2 8
+2 1
+17 1
+3 1
+4 1

fl=(34)
fn=(170)
820 6
cfi=(3)
cfn=(4)
calls=1 131 
* 2
* 2
+6 2
+3 2
+5 3
+41 2
+1 3
+1 6

fn=(148)
332 5
cfi=(3)
cfn=(4)
calls=1 131 
* 2
* 3
+2 1
+11 4
cfi=(17)
cfn=(46) __libc_memalign
calls=1 53 
* 77
+1 1
-1 1
+1 1
+7 1
+4 1
-4 1
+4 305
-58 1
+1 1
-1 1
+1 3
cfi=(17)
cfn=(38)
calls=1 108 
* 77
+1 2
+3 1
+6 2
+64 7

fn=(146)
116 6
cfi=(3)
cfn=(4)
calls=1 +15 
* 2
* 2
+6 4
+3 4
+36 3
+2 10
-2 6
+5 5
+2 2
+2 9
+16 6
+2 3
-2 2
+2 2
+10 3
-37 3
+41 1
-1 1
+1 1
-1 1
+1 3
+51 2
+1 6

fn=(172)
380 7
cfi=(3)
cfn=(4)
calls=1 131 
* 2
* 1
+1 1
-1 1
+1 1
+12 1
-8 1
+8 4
-8 2
+13 7
+6 9
+22 2
+1 4
+2 2
+1 2
+8 1
-8 1
+8 1
+1 2
+1 10
cfi=(21)
cfn=(66)
calls=1 35 
* 32
* 5
cfi=(29)
cfn=(108)
calls=1 33 
* 51
-42 4
+6 6
+3 1
+1 2
+6 4
+2 3
+38 3
+3 7

fn=(132) _dl_next_tls_modid
54 5
cfi=(3)
cfn=(4)
calls=1 +77 
* 2
* 3
+3 3
+48 2
+4 6

fl=(12) /build/buildd/eglibc-2.10.1/elf/../misc/sbrk.c
fn=(24) sbrk
35 5
cfi=(3)
cfn=(4)
calls=1 +96 
* 2
* 4
+8 6
+4 2
+11 7

fl=(24)
fn=(78)
76 4
+1 4

fn=(76)
49 16
+6 4
-6 4
cfi=(3)
cfn=(4)
calls=4 +82 
* 8
* 4
+3 4
-3 12
+6 4
-3 8
+5 25
+10 28
-6 2
-1 1
+1 1
+1 2
-1 1
+1 1
+1 3

fl=(27)
fn=(126)
44 5
cfi=(3)
cfn=(4)
calls=1 +87 
* 2
* 5
+3 3
cfi=(1)
cfn=(100)
calls=1 -47 
* 10
+1 2
-1 1
+1 1
+2 5
cfi=(28)
cfn=(106)
calls=1 -4 
* 18
* 2
+2 1
+3 1
-3 1
+3 1
+13 3
cfi=(1)
cfn=(112)
calls=1 -68 
* 8
* 1
+3 7
-14 8
cfi=(22)
cfn=(68)
calls=1 -22 
* 23
* 2

fn=(92)
301 328
cfi=(3)
cfn=(4)
calls=41 131 
* 82
* 82
+1 164
cfi=(19)
cfn=(50)
calls=41 38 
* 909
* 82
+3 41
+2 82
+4 42
-4 126
+1 180
cfi=(19)
cfn=(50)
calls=45 38 
* 1279
* 90
+6 3
-7 3
+7 53
-7 38
+7 190

fl=(17)
fn=(74)
320 24
+3 4
-3 4
cfi=(3)
cfn=(4)
calls=4 131 
* 8
* 4
+3 16
+2 8
+1 4
-1 4
+1 4
+4 16
+5 4
-5 171
+5 232
+2 472
+8 59
-15 177
+18 2
-18 2
+18 2
+4 28

fn=(42) malloc
96 80
cfi=(3)
cfn=(4)
calls=20 +35 
* 40
* 120
cfn=(46)
calls=20 -43 
* 748
+1 80

fn=(46)
53 126
cfi=(3)
cfn=(4)
calls=21 +78 
* 42
* 84
+1 83
+11 60
+3 40
-3 20
+3 20
-3 3
+3 2
-3 1
+3 77
+4 8
+1 6
+6 14
cfi=(22)
cfn=(68)
calls=2 -44 
* 46
+2 4
+2 4
+1 1
+1 4
+3 1
+1 1
+2 6
-6 4
+3 1
+1 1
+2 6
-3 19
+1 19
+2 114
-31 1
-2 2
+1 5

fn=(38)
108 72
cfi=(3)
cfn=(4)
calls=8 +23 
* 16
* 8
+3 8
-3 8
+3 8
-3 8
+3 16
+4 16
cfn=(42)
calls=8 -19 
* 415
+1 48

fl=(18)
fn=(48)
34 72
+1 12
-1 12
+6 12
-6 12
+6 12
+3 36
+1 18
+11 98
+6 57
+3 60

fl=(19)
fn=(50)
38 1863
+1 207
+1 414
-2 1126
+1 1126
+1 2252
+1 1215
+2 2430
+2 267
+1 356
-5 236
+5 472

fl=(9)
fn=(54)
67 6
cfi=(3)
cfn=(4)
calls=1 +64 
* 2
* 2
+2 4
+85 6
-45 3
cfi=(1)
cfn=(56)
calls=1 0 
* 8
* 3
+12 3
+10 12
+2 3
+2 3
-2 6
+2 9
+3 4
-3 4
+7 3
-1 3
+2 3
+2 14
+5 3

fl=(20)
fn=(96) local_strdup
160 10
cfi=(3)
cfn=(4)
calls=2 -29 
* 4
* 2
+1 2
-1 6
+1 2
cfi=(11)
cfn=(22)
calls=2 34 
* 191
* 2
+1 4
cfi=(17)
cfn=(42)
calls=2 -66 
* 102
* 2
+2 6
+3 8
cfi=(18)
cfn=(48)
calls=2 34 
* 81
+1 12

fn=(58)
622 6
cfi=(3)
cfn=(4)
calls=1 131 
* 2
* 3
+15 6
cfi=(8)
cfn=(60) _dl_important_hwcaps
calls=1 353 
* 2690
* 2
+4 2
cfi=(17)
cfn=(42)
calls=1 96 
* 51
+2 1
-2 2
+2 1
+7 7
+4 3
cfi=(17)
cfn=(42)
calls=1 96 
* 92
* 2
+3 5
+7 2
+19 1
+3 2
-3 1
+3 3
-23 1
+20 2
+3 1
-22 1
+22 2
-14 1
+3 1
+2 1
-5 1
+2 2
+4 2
+1 1
+3 2
-10 3
+3 3
+2 3
-5 3
+2 6
+4 6
+1 3
+3 10
+1 12
+1 4
-1 12
+1 60
-1 188
+3 4
-3 4
+3 13
+4 3
-4 3
+4 10
-4 1
+11 1
-5 1
+1 1
+5 2
+2 4
+2 3
+32 6
+8 3
cfi=(23) /build/buildd/eglibc-2.10.1/string/../sysdeps/i386/strchr.S
cfn=(70) index
calls=1 38 
* 96
* 2
+2 3
cfi=(11)
cfn=(22)
calls=1 34 
* 53
* 10
cfi=(18)
cfn=(48)
calls=1 34 
* 36
* 1
+17 7
+2 1
+1 2
+1 1
-4 3
+2 13
+1 26
+1 13
-4 40
+7 2
cfi=(17)
cfn=(42)
calls=1 96 
* 51
+2 1
-2 1
+2 1
+6 10
cfn=(72) fillin_rpath
calls=1 384 
* 675
+4 4
+6 1
-52 1
+58 2
+1 6
-75 1
-2 1
+2 2
+11 2

fn=(118) cache_rpath
598 15
+1 12
+17 12

fn=(90)
1955 24
+7 3
-7 3
cfi=(3)
cfn=(4)
calls=3 131 
* 6
* 6
+7 6
+1 9
+3 21
+12 12
-12 18
+5 21
+1 14
+2 21
cfi=(27)
cfn=(92)
calls=7 301 
* 774
* 14
2237 7
1998 4
-1 4
+10 2
-1 4
+24 2
+2 6
cfi=(23)
cfn=(70)
calls=2 38 
* 85
* 4
2169 2
+1 3
cfn=(94) expand_dynamic_string_token
calls=1 314 
* 470
+2 1
-3 1
+3 1
+4 10
cfn=(98) open_verify
calls=1 1562 
* 199
+3 1
-3 1
+3 1
+11 10
+3 4
+41 2
+1 2
-1 2
+1 30
cfn=(104) _dl_map_object_from_fd
calls=2 839 
* 3830
+2 4
-2 2
+2 10
1997 4
+39 2
cfi=(11)
cfn=(22)
calls=1 34 
* 37
* 1
+2 1
-2 1
+2 1
+7 7
+33 3
+1 18
cfn=(120) open_path
calls=1 1806 
* 3509
+6 1
-6 1
+6 11
cfn=(118)
calls=1 598 
* 13
* 2
+7 3
+6 2
cfi=(32)
cfn=(124)
calls=1 182 
* 1653
+2 1
-2 1
+2 1
+4 3
+12 2
+22 11
cfn=(98)
calls=1 1562 
* 237
+3 1
-3 1
+3 1
+2 3
cfn=(96)
calls=1 160 
* 202
+1 2
-1 1
+1 1
+19 2
2049 1
+5 1
-5 1
+5 4
+3 3
-3 1
+3 5
-3 3
+1 7
cfn=(118)
calls=1 598 
* 13
* 2
+13 5
+1 5
-1 8
cfn=(118)
calls=1 598 
* 13
* 2
-89 6
-1 12
+4 6
+2 8
cfi=(19)
cfn=(50)
calls=2 38 
* 51
* 6

fn=(104)
839 12
cfi=(3)
cfn=(4)
calls=2 131 
* 4
* 6
+11 2
-11 2
+11 4
cfi=(24)
cfn=(76)
calls=2 49 
* 60
* 2
+4 12
cfi=(28)
cfn=(106)
calls=2 46 
* 36
* 4
+11 14
+1 14
-1 15
+1 40
1514 14
883 6
+22 6
+6 4
+21 8
+31 6
+3 20
cfi=(15)
cfn=(34)
calls=2 36 
* 1229
* 2
+1 2
-1 2
+1 2
-52 4
+63 2
+1 2
-64 2
+63 2
+2 2
-1 2
+4 2
-3 2
+2 2
+1 2
-1 2
+1 6
+1 4
+22 2
-17 2
+17 14
+8 8
-8 2
+8 2
+89 2
+7 2
-96 2
+96 2
+21 2
1014 4
1131 2
1014 2
+89 4
+28 8
1015 28
1158 4
1014 110
+1 91
+60 3
+4 2
+1 2
+1 3
+4 3
+3 2
+4 4
+6 1
cfi=(34)
cfn=(132)
calls=1 54 
* 21
+37 5
+1 1
1021 4
+1 2
-1 2
+1 6
+1 2
+9 28
+6 24
+8 8
+1 40
+1 32
+2 12
+1 12
+1 12
+4 4
-4 4
+4 16
+5 44
+11 4
-46 4
+1 1
1157 4
+1 2
-1 2
+1 6
-5 6
+1 2
-70 9
+78 6
979 2
1172 2
979 2
1175 10
+2 2
-2 2
+2 2
+19 28
cfi=(22)
cfn=(68)
calls=2 35 
* 46
+4 4
-4 2
+4 2
+7 6
+1 4
+2 2
-2 2
+2 2
+10 2
+35 8
+1 6
+2 12
+7 16
+7 2
-1 2
+1 2
+1 2
-2 2
+2 4
+1 4
-1 8
+8 2
+3 6
+11 16
cfi=(29)
cfn=(108)
calls=2 33 
* 482
+1 12
+5 4
+15 4
-73 24
+4 4
-2 4
+2 24
cfi=(22)
cfn=(68)
calls=2 35 
* 46
-2 4
+28 1
+8 3
+24 10
cfi=(22)
cfn=(68)
calls=1 35 
* 23
+3 2
+12 2
-77 2
+77 4
+9 2
fi=(4)
108 2
fe=(20)
1329 2
fi=(4)
108 2
+6 2
-2 2
+2 4
+3 32
+15 32
-18 96
+18 2
-18 6
+2 84
+5 40
+1 24
+10 8
-18 24
+25 6
+20 8
+1 8
+1 8
+1 8
+2 6
+3 8
+2 8
+1 7
+1 8
+6 6
+7 10
-61 8
+3 8
+63 6
+4 6
+1 6
+12 6
+5 1
+2 1
-2 1
+2 1
+2 2
+2 2
+3 6
+2 2
+2 2
+3 6
fe=(20)
1335 6
+16 6
+19 4
+2 10
+51 6
+1 2
+3 3
cfi=(1)
cfn=(112)
calls=1 0 
* 8
* 3
cfi=(1)
cfn=(112)
calls=1 0 
* 8
* 4
+8 4
+3 6
+2 4
+16 4
cfi=(7)
cfn=(12)
calls=2 459 
* 80
+4 4
+1 6
+17 4
+1 1
+3 2
+5 1
-5 2
+1 2
+4 1
-4 2
+4 1
-5 2
+5 1
-5 2
+1 2
+4 1
-4 2
+4 1
+8 2
-1 4
fi=(4)
129 8
+1 8
fe=(20)
1260 3
-2 2
+2 2
-2 3
+2 2
+1 7
+2 4

fn=(72)
384 6
cfi=(3)
cfn=(4)
calls=1 131 
* 2
* 7
+11 1
+22 1
-22 1
+22 2
-29 5
cfi=(17)
cfn=(74)
calls=1 -68 
* 301
* 5
cfi=(17)
cfn=(74)
calls=1 -68 
* 27
* 6
+3 3
cfi=(11)
cfn=(22)
calls=1 34 
* 49
+4 1
-4 1
+4 1
+15 3
+29 17
+1 12
+12 1
+6 4
+3 6
cfi=(17)
cfn=(42)
calls=1 96 
* 51
+3 2
-3 1
+3 1
+4 1
+2 2
-2 2
+2 4
cfi=(21)
cfn=(66)
calls=1 35 
* 36
* 1
+1 1
+2 1
-2 1
+2 1
+6 2
+1 1
-1 3
+1 3
+1 1
-1 3
+1 15
-1 45
+4 1
-1 1
+1 1
-1 1
+1 1
+7 1
+4 1
-4 1
+4 1
-3 1
+3 4
-93 5
+5 4
+93 2
+3 1
-3 1
+3 6
-14 2

fn=(94)
314 5
cfi=(3)
cfn=(4)
calls=1 131 
* 2
* 5
+10 3
cfi=(23)
cfn=(70)
calls=1 38 
* 214
* 2
+15 1
-11 1
+11 4
-11 1
cfn=(96)
calls=1 160 
* 232

fn=(120)
1806 7
+1 1
-1 1
cfi=(3)
cfn=(4)
calls=1 131 
* 2
* 2
+1 1
+6 1
-6 1
+6 1
+5 6
+46 2
-46 7
+75 2
-41 3
-22 3
+7 1
+1 1
-1 6
cfi=(21)
cfn=(66)
calls=1 35 
* 36
+1 2
-1 1
+1 3
+32 4
-12 32
-20 63
+3 32
+4 144
cfi=(21)
cfn=(66)
calls=16 35 
* 493
* 96
cfi=(21)
cfn=(66)
calls=16 35 
* 562
* 16
-1 16
+7 32
+3 176
cfn=(98)
calls=16 1562 
* 848
+2 16
-2 16
+2 48
+26 1
+41 6
+7 1
-2 1
+2 4
-67 48
+1 112
+79 16
-79 32
+6 48
+3 96
cfi=(31)
cfn=(122)
calls=16 47 
* 348
-1 32
+1 4
+2 30
+7 32
+51 3
+10 1
+4 7
-70 3

fn=(98)
1562 198
cfi=(3)
cfn=(4)
calls=18 131 
* 36
* 18
+36 18
-36 18
+36 69
+21 72
cfi=(1)
cfn=(100)
calls=18 0 
* 324
+1 18
-1 18
+1 18
+11 4
-1 2
+1 12
cfi=(1)
cfn=(102)
calls=2 0 
* 20
* 2
+7 2
-7 4
+7 2
+16 28
+50 6
+5 6
+2 6
+6 6
+7 4
+1 2
-1 4
+1 6
+1 4
+15 82
+1 46
+4 10
+1 6
+14 14
+2 8
+5 1
+1 1
-13 40
+16 2
+3 1
+1 1
+1 1
+1 3
+14 129
-13 1
-1 11

fl=(3)
fn=(4)
131 990

fl=(26)
fn=(86)
34 3
+4 3
+1 3
+1 3
+1 3
+4 3
+1 3
+4 3
+2 3
+4 3
+1 3

fl=(8)
fn=(14)
88 8
cfi=(3)
cfn=(4)
calls=1 +43 
* 2
* 1
+25 1
-1 1
+1 174
+6 2
-3 1
+3 1
-6 1
+3 1
+3 1
-2 1
+2 24
+1 105
+3 3
-4 64
+93 3
fi=(9)
36 2
cfi=(10) /build/buildd/eglibc-2.10.1/elf/../sysdeps/unix/sysv/linux/i386/brk.c
cfn=(18) brk
calls=1 * 
* 21
fi=(6)
273 5
fe=(8)
-45 2
cfi=(12)
cfn=(24)
calls=1 35 
* 26
* 3
+12 3
+3 5
cfi=(2)
cfn=(26)
calls=1 881 
* 105848
+2 7
-67 1
-59 2
+59 1
-59 2
+34 1
-34 1
+34 1
-34 3
+43 1
-43 2
+43 1
-43 2
+40 1
-40 1
+40 3
-40 3
+37 1
-37 2
+37 1
-37 3
+13 1
-13 2
+13 1
-13 2
+10 1
-10 1
+10 1
-10 3
+7 1
-7 4
226 2
cfi=(11)
cfn=(22)
calls=1 34 
* 28
* 2

fn=(60)
353 6
cfi=(3)
cfn=(4)
calls=1 131 
* 2
* 5
+2 6
+1 4
+9 7
+1 243
-1 27
+1 27
-1 27
+1 27
+1 54
-2 351
+10 4
+4 2
+40 4
cfi=(1)
cfn=(62)
calls=1 0 
* 18
* 2
-2 2
+17 4
+3 1
-20 1
+17 1
+3 1
+22 4
+3 7
-3 26
+1 243
+2 16
+1 6
cfi=(11)
cfn=(22)
calls=2 34 
* 42
+1 2
-1 4
+1 18
+1 2
-1 10
-5 85
+8 3
+2 1
+1 1
-1 2
+1 4
+8 1
-4 2
+4 1
-4 1
+1 1
+3 1
+3 2
+4 5
+1 2
+18 5
+1 1
-1 2
+1 2
cfi=(17)
cfn=(42)
calls=1 96 
* 51
+1 1
-1 2
+1 1
+7 2
+22 2
+3 1
-3 4
+3 1
+7 7
+9 1
-9 2
+9 1
-9 1
+9 1
-9 1
+9 2
-3 1
-3 1
+3 6
cfi=(21)
cfn=(66)
calls=1 35 
* 22
* 3
-3 3
+3 18
cfi=(21)
cfn=(66)
calls=3 35 
* 66
* 4
+3 4
-3 8
+3 12
+1 8
-1 4
+1 8
-1 12
+1 40
+1 12
-2 4
+2 20
cfi=(21)
cfn=(66)
calls=4 35 
* 92
* 8
-2 4
+2 8
-2 8
+5 32
cfi=(21)
cfn=(66)
calls=4 35 
* 92
* 8
+2 8
+5 2
-7 1
+7 5
+1 1
-1 3
+1 15
-1 49
+5 4
+3 3
-3 12
+3 21
+2 128
-2 32
+1 96
-1 28
+1 96
-1 64
+4 4
-4 4
+4 8
+3 1
+2 2
-1 1
-1 1
+2 1
-2 1
+1 1
+1 1
-1 1
+1 3
+3 9
+3 3
-6 6
+2 18
+3 6
+1 3
-6 10
+13 16
+3 3
-3 35
+3 21
+3 4
+3 7
488 5
+2 2
-1 4
+1 2
-1 4
+2 10
+7 4
-56 4

fn=(174)
250 2
+1 2

fl=(30)
fn=(114)
149 7
+1 1
-1 1
+16 1
-16 1
cfi=(3)
cfn=(4)
calls=1 -18 
* 2
* 1
+1 5
+16 1
-16 1
+14 1
+1 1
+1 2
+6 4
+10 5
+1 1
-1 1
-18 1
+2 1
-1 1
+7 1
+10 1
-10 3
+10 6
+4 1
338 1
-8 1
186 1
303 1
186 1
+15 1
+2 1
+1 1
338 1
201 1
330 1
-27 2
-95 1
+5 1
-5 1
+5 1
+4 1
-9 1
+9 2
-9 3
+5 3
-5 3
+5 3
+4 3
-9 3
+9 6
+2 2
+3 16
+2 2
+8 2
-8 2
+11 2
-11 2
+8 2
-2 2
+5 2
-11 2
+5 2
+2 4
+4 8
+58 2
-58 2
+58 2
-58 4
+1 90
+6 12
cfi=(23)
cfn=(70)
calls=2 38 
* 138
* 6
+5 8
-3 2
+3 8
cfi=(25)
cfn=(82)
calls=2 -87 
* 9009
+2 2
-2 2
+2 4
+15 2
+2 4
+19 6
+1 5
-51 225
466 12
+2 10
+2 6
cfi=(17)
cfn=(42)
calls=2 96 
* 102
+2 2
-2 2
+2 2
+3 2
+1 4
-1 2
+1 10
cfi=(18)
cfn=(48)
calls=2 34 
* 55
+1 12
cfi=(18)
cfn=(48)
calls=2 34 
* 55
+3 4
+4 20
+2 4
+1 23
277 2
-6 6
+8 2
-3 2
-2 2
+1 2
+2 2
+4 12
-59 10
+13 4
-18 21
+1 3
-1 6
+2 16
487 4
+4 2
+4 5
+11 4
cfi=(17)
cfn=(42)
calls=1 96 
* 51
+2 1
-2 1
+2 1
+5 3
+1 1
-1 1
+1 1
-1 1
+1 3
+4 16
+4 16
+4 4
-10 12
+13 3
+46 6
+2 5
+35 4
+7 1
+6 1
-6 2
+6 1
-6 1
+6 3
-6 2
+6 2
-6 4
+6 2
-6 2
+6 21
+5 18
+4 6
+1 4
-1 3
+1 4
+3 6
-1 9
-7 12
-13 12
+40 3
+2 1
+8 1
-8 1
+8 1
+3 2
+3 6
491 2
+1 3
288 215
612 8
cfi=(18)
cfn=(48)
calls=1 34 
* 34
+5 2

fn=(116)
62 12
+7 2
-4 8
+1 2
-1 2
+1 8
-1 10
cfi=(20)
cfn=(90)
calls=1 1955 
* 340
* 9
cfi=(20)
cfn=(90)
calls=1 1955 
* 8472
* 4
+5 10

fl=(10)
fn=(18)
36 5
cfi=(3)
cfn=(4)
calls=1 +95 
* 2
* 1
+5 5
+4 2
-2 1
+2 1
+7 4

fl=(15)
fn=(34)
36 18
cfi=(3)
cfn=(4)
calls=3 +95 
* 6
* 9
+3 3
-3 9
+3 3
cfi=(11)
cfn=(22)
calls=3 -5 
* 153
+6 3
-6 3
+7 3
-7 3
+7 3
+6 21
cfi=(17)
cfn=(38)
calls=3 +56 
* 238
+3 6
-3 3
+3 3
+4 6
-1 3
+4 9
+2 24
cfi=(18)
cfn=(48)
calls=3 -30 
* 97
* 3
+6 3
-6 3
+2 3
+2 3
-2 3
+3 3
-1 3
+1 15
+8 3
-3 3
+3 3
-3 3
+3 5
+2 1
-2 3
+2 15
-2 45
+18 9
-6 9
+6 6
-5 3
+5 11
+3 20
+2 2
+5 2
-3 2
+3 14
+4 4
+1 2
-1 2
+1 6
+1 4
+3 2
-3 4
+3 2
-5 2
+1 1
-1 1
+1 3
+1 2
+3 1
-3 2
+3 2
+4 8
+4 14
+8 1
+6 1
-3 2
+3 5
-3 4
+3 6
+2 6
cfi=(11)
cfn=(22)
calls=2 34 
* 180
+4 2
-4 2
+4 2
-4 2
+4 2
+64 2
+4 21
46 12
+62 5
+10 1
+4 5
+24 4
cfi=(17)
cfn=(42)
calls=2 -50 
* 102
* 2
+1 6
+45 14
cfi=(21)
cfn=(66)
calls=2 35 
* 81
* 4
+6 76
-1 38
+1 40
-1 2
+1 2
+2 6
+3 4

fl=(23)
fn=(70)
38 6
+3 6
+1 6
+7 6
+1 6
+1 6
+1 6
+13 6
+1 6
+1 2
+1 2
+1 2
+1 2
+1 2
+1 2
+2 2
+1 2
+1 2
+1 2
+1 2
+1 2
+1 2
+1 2
+2 2
+1 2
+41 2
+2 2
+1 2
+2 2
+1 2
+10 2
-14 6
+1 6
+2 6
+1 6
+10 6
+4 8
+3 8
+1 8
+4 8
+6 7
+1 7
+1 7
+3 7
+1 7
+1 7
+1 7
+2 7
+2 7
+1 7
+2 7
+1 7
+3 7
+1 7
+1 7
+1 7
+2 7
+1 7
+1 7
+1 7
+3 7
+1 7
+1 7
+1 7
+2 7
+2 7
+1 7
+2 7
+1 7
+3 7
+1 7
+1 7
+1 7
+2 7
+1 7
+1 7
+1 7
+3 7
+1 6
+1 6
+1 6
+2 6
+2 4
+1 4
+2 4
+1 4
+3 4
+1 4
+1 4
+1 4
+2 4
+1 4
+1 4
+1 4
+3 4
+1 3
+1 3
+1 3
+2 3
+3 5
+2 5
+5 5
+14 1
+1 1
+23 1
+5 1

ob=(2)
fl=(16)
fn=(464)
0 7
cob=(5)
cfi=(53)
cfn=(466)
calls=1 0 
0 18
0 4

fn=(254)
0 10
cob=(5)
cfi=(53)
cfn=(258)
calls=1 0 
0 8
0 1
cob=(5)
cfi=(53)
cfn=(264)
calls=1 0 
0 11
0 4

fn=(190)
0 10
cob=(3)
cfi=(40)
cfn=(194)
calls=1 0 
0 15
0 1
cob=(3)
cfi=(40)
cfn=(204)
calls=1 0 
0 15
0 4

fn=(474)
0 7
cob=(3)
cfi=(40)
cfn=(476)
calls=1 0 
0 888
0 4

totals: 6116703802
